time accuracy
2576.1 0.933644
6042.69 0.974222
9541.33 0.981422
12293.8 0.985244
15849.6 0.987111
18348.2 0.9864
21048.8 0.987733
23492.3 0.987867
25691.9 0.988533
27908.5 0.988756
30399.9 0.989733
32479.7 0.989911
34939.6 0.988578
37243.7 0.9892
39079.9 0.9904
41129.8 0.991067
43659.2 0.989778
46401.7 0.990978
48501.3 0.990444
50448.2 0.991511
52352.2 0.992311
54332.4 0.991378
56327.2 0.992489
58122.9 0.991333
60082.5 0.992
62849 0.991822
65481.5 0.992044
67735.3 0.992267
69441.6 0.992089
71724.8 0.992667
74436 0.9928
