time accuracy
23.5571 0.986667
59.9343 0.995111
100.066 0.993778
151.817 0.994667
213.305 0.995556
269.203 0.995556
346.105 0.996889
414.675 0.998667
484.864 0.994222
574.682 0.996
679.317 0.997333
762.803 0.998222
845.037 0.996
950.799 0.996444
1076.48 0.996444
1197.04 0.995556
1349.01 0.996
1463.19 0.996444
1664.48 0.997333
1778.24 0.997333
1909.29 0.995111
2004.02 0.994667
2129.33 0.996889
2228.63 0.996889
2328.68 0.996444
2427.68 0.996
2536.81 0.998667
2644.19 0.996444
2752.79 0.997778
2871.91 0.996889
2985.73 0.993333
3136.67 0.996889
3263.11 0.997778
3433.86 0.996889
3564.27 0.997778
3713.5 0.997333
3893.44 0.996
4066.3 0.996444
4222.53 0.997333
4378.68 0.997333
4631.13 0.997333
4974.38 0.997778
25839.2 0.997333
