iteration accuracy
0 0.861571
1 0.871279
2 0.890738
3 0.896142
4 0.896927
5 0.89146
6 0.908484
7 0.895863
8 0.903675
9 0.907889
10 0.917271
11 0.916549
12 0.916775
13 0.919454
14 0.919066
15 0.919599
16 0.92198
17 0.922251
18 0.921448
19 0.923676
20 0.92263
21 0.925102
22 0.924308
23 0.925526
24 0.924597
25 0.925445
26 0.926419
27 0.927042
28 0.92678
29 0.926861
30 0.927565
31 0.92733
32 0.927781
33 0.928007
34 0.926049
35 0.928359
36 0.928368
37 0.928142
38 0.928278
39 0.928016
40 0.928467
41 0.928557
42 0.928783
43 0.928647
44 0.928548
45 0.928431
46 0.927971
47 0.927908
48 0.928485
49 0.928458
50 0.928178
51 0.928485
52 0.928747
53 0.928711
54 0.928557
55 0.928711
56 0.928783
57 0.928756
58 0.928801
59 0.92862
60 0.928846
61 0.928819
62 0.928828
63 0.928729
64 0.929026
65 0.928666
66 0.928936
67 0.928873
68 0.928945
69 0.929017
70 0.929207
71 0.928954
72 0.928783
73 0.929044
74 0.929117
75 0.929108
76 0.929135
77 0.929243
78 0.929044
79 0.929162
80 0.929387
81 0.929225
82 0.929216
83 0.929396
84 0.929432
85 0.929225
86 0.929514
87 0.929432
88 0.929351
89 0.929559
90 0.929487
91 0.929532
92 0.929532
93 0.929423
94 0.929586
95 0.929532
96 0.929496
97 0.929496
98 0.929432
99 0.929595
100 0.92945
101 0.929631
102 0.929676
103 0.929477
104 0.929694
105 0.929559
106 0.929559
107 0.929595
108 0.929604
109 0.929676
110 0.929613
111 0.92964
112 0.929694
113 0.929631
114 0.929649
115 0.929676
116 0.929622
117 0.929685
118 0.929622
119 0.929667
120 0.929694
121 0.929721
122 0.929712
123 0.929721
124 0.929712
125 0.929757
126 0.929802
127 0.929784
128 0.929748
129 0.929748
130 0.929721
131 0.929811
132 0.929784
133 0.929784
134 0.929829
135 0.929829
136 0.929802
137 0.929865
138 0.929838
139 0.92982
140 0.929838
141 0.929865
142 0.92982
143 0.929883
144 0.92991
145 0.929838
146 0.929974
147 0.929901
148 0.929938
149 0.929901
150 0.929838
151 0.929838
152 0.929838
153 0.92982
154 0.929838
155 0.92982
156 0.929901
157 0.929865
158 0.92991
159 0.929938
160 0.929865
161 0.929793
162 0.92992
163 0.929883
164 0.929883
165 0.929929
166 0.929938
167 0.929892
168 0.929938
169 0.92992
170 0.929965
171 0.929965
172 0.929874
173 0.929947
174 0.930001
175 0.92992
176 0.929892
177 0.929983
178 0.930028
179 0.930073
180 0.929983
181 0.930055
182 0.929974
183 0.930046
184 0.930028
185 0.930064
186 0.930082
187 0.930064
188 0.930055
189 0.930064
190 0.930145
191 0.930145
192 0.930127
193 0.930163
194 0.930082
195 0.930073
196 0.93019
197 0.9301
198 0.930163
199 0.93019
200 0.930208
201 0.930181
202 0.93019
203 0.930199
204 0.930136
205 0.930208
206 0.930199
207 0.930172
208 0.93019
209 0.930262
210 0.930262
211 0.930226
212 0.930289
213 0.930298
214 0.930271
215 0.930289
216 0.930262
217 0.93019
218 0.930271
219 0.93028
220 0.930307
221 0.930317
222 0.930199
223 0.930262
224 0.930289
225 0.930226
226 0.930271
227 0.930271
228 0.930217
229 0.93028
230 0.930199
231 0.930181
232 0.930154
233 0.930253
234 0.930172
235 0.930154
236 0.930262
237 0.930244
238 0.930217
239 0.930154
240 0.930154
241 0.930181
242 0.930226
243 0.930163
244 0.930145
245 0.930127
246 0.93019
247 0.930127
248 0.930163
249 0.930244
250 0.930226
251 0.930163
252 0.930118
253 0.930226
254 0.930145
255 0.930136
256 0.930163
257 0.930154
258 0.930127
259 0.930163
260 0.930172
261 0.930271
262 0.930163
263 0.930154
264 0.930172
265 0.930181
266 0.930163
267 0.930163
268 0.930199
269 0.930172
270 0.930262
271 0.930208
272 0.930235
273 0.930226
274 0.930235
275 0.930326
276 0.930253
277 0.930244
278 0.930362
279 0.930262
280 0.930253
281 0.930253
282 0.930362
283 0.930271
284 0.930253
285 0.930362
286 0.930289
287 0.930344
288 0.930289
289 0.930317
290 0.930298
291 0.930389
292 0.930335
293 0.930326
294 0.930407
295 0.930317
296 0.930362
297 0.930298
298 0.930307
299 0.930307
300 0.930317
301 0.930362
302 0.930317
303 0.930335
304 0.930335
305 0.930317
306 0.930407
307 0.930407
308 0.930344
309 0.930335
310 0.930335
311 0.930289
312 0.930317
313 0.93038
314 0.930398
315 0.930317
316 0.930317
317 0.930289
318 0.930371
319 0.930344
320 0.930307
321 0.930289
322 0.930307
323 0.930353
324 0.930289
325 0.930344
326 0.93038
327 0.930307
328 0.930289
329 0.930298
330 0.930326
331 0.930416
332 0.930298
333 0.930289
334 0.93028
335 0.930407
336 0.930307
337 0.930262
338 0.930289
339 0.930271
340 0.930244
341 0.930262
342 0.930335
343 0.930271
344 0.930353
345 0.930262
346 0.930262
347 0.930326
348 0.930235
349 0.930326
350 0.930335
351 0.930326
352 0.930262
353 0.930307
354 0.930353
355 0.930353
356 0.930253
357 0.930335
358 0.930262
359 0.930353
360 0.93028
361 0.930235
362 0.930253
363 0.930262
364 0.930253
365 0.930371
366 0.930262
367 0.930326
368 0.930262
369 0.930244
370 0.930253
371 0.930335
372 0.930253
373 0.930235
374 0.930335
375 0.930235
376 0.930244
377 0.930235
378 0.930199
379 0.930307
380 0.930271
381 0.930271
382 0.930271
383 0.930226
384 0.930253
385 0.93019
386 0.930253
387 0.930199
388 0.930235
389 0.930199
390 0.930262
391 0.930253
392 0.930253
393 0.930226
394 0.930235
395 0.930226
396 0.930208
397 0.930208
398 0.930235
399 0.93028
400 0.930208
401 0.930226
402 0.930226
403 0.930262
404 0.930244
405 0.930253
406 0.930262
407 0.930253
408 0.930235
409 0.93019
410 0.930235
411 0.930244
412 0.930235
413 0.930244
414 0.930326
415 0.930262
416 0.930317
417 0.930262
418 0.930353
419 0.930307
420 0.930262
421 0.930271
422 0.930262
423 0.930262
424 0.93028
425 0.930271
426 0.93028
427 0.930244
428 0.930262
429 0.930262
430 0.930253
431 0.930253
432 0.930307
433 0.930262
434 0.930289
435 0.93028
436 0.930307
437 0.930353
438 0.930271
439 0.930262
440 0.930262
441 0.930235
442 0.930271
443 0.930244
444 0.930389
445 0.93028
446 0.93028
447 0.93028
448 0.930253
449 0.930253
450 0.930262
451 0.93028
452 0.930298
453 0.930262
454 0.930253
455 0.930262
456 0.93028
457 0.93028
458 0.93028
459 0.930317
460 0.930289
461 0.930289
462 0.930289
463 0.93028
464 0.93028
465 0.930335
466 0.93028
467 0.93028
468 0.930271
469 0.930226
470 0.930262
471 0.930271
472 0.930235
473 0.930217
474 0.930199
475 0.930199
476 0.930181
477 0.93019
478 0.930271
479 0.930226
480 0.930226
481 0.930199
482 0.930208
483 0.930208
484 0.930208
485 0.930217
486 0.930217
487 0.93019
488 0.930199
489 0.930217
490 0.93019
491 0.930208
492 0.930235
493 0.930208
494 0.930208
495 0.930208
496 0.930217
497 0.93019
498 0.930208
499 0.930235
500 0.930208
501 0.930244
502 0.930199
503 0.930199
504 0.930244
505 0.930235
506 0.930235
507 0.930208
508 0.930253
509 0.930244
510 0.930244
511 0.930253
512 0.930253
513 0.930253
514 0.930244
515 0.930253
516 0.930253
517 0.930262
518 0.930253
519 0.930262
520 0.930262
521 0.930289
522 0.930253
523 0.930262
524 0.930289
525 0.930262
526 0.930262
527 0.930262
528 0.930262
529 0.930289
530 0.930262
531 0.930262
532 0.930298
533 0.930307
534 0.930262
535 0.930307
536 0.930362
537 0.930307
538 0.930317
539 0.930344
540 0.930262
541 0.930317
542 0.930271
543 0.930307
544 0.930317
545 0.930271
546 0.930271
547 0.930317
548 0.930271
549 0.93028
550 0.930307
551 0.93028
552 0.93038
553 0.930271
554 0.930271
555 0.930262
556 0.930298
557 0.930271
558 0.930271
559 0.930271
560 0.930271
561 0.930271
562 0.930362
563 0.930271
564 0.930271
565 0.930262
566 0.93028
567 0.93028
568 0.930362
569 0.93028
570 0.93028
571 0.930262
572 0.930353
573 0.93028
574 0.930271
575 0.930271
576 0.930353
577 0.930271
578 0.930307
579 0.930362
580 0.930271
581 0.930353
582 0.930307
583 0.930362
584 0.930271
585 0.930271
586 0.930353
587 0.930353
588 0.930271
589 0.930353
590 0.930271
591 0.930335
592 0.930353
593 0.930262
594 0.930362
595 0.930262
596 0.930335
597 0.930289
598 0.930371
599 0.930244
600 0.930253
601 0.930253
602 0.930253
603 0.930244
604 0.930335
605 0.930344
606 0.930307
607 0.930262
608 0.930307
609 0.930371
610 0.930344
611 0.930335
612 0.930326
613 0.930362
614 0.930362
615 0.930353
616 0.930244
617 0.930317
618 0.930353
619 0.930326
620 0.930353
621 0.930362
622 0.930317
623 0.930362
624 0.930326
625 0.930326
626 0.930326
627 0.930335
628 0.930353
629 0.930326
630 0.93028
631 0.930326
632 0.930362
633 0.930353
634 0.930353
635 0.930344
636 0.930344
637 0.930344
638 0.930335
639 0.930335
640 0.930353
641 0.930335
642 0.930262
643 0.930353
644 0.930344
645 0.930344
646 0.930335
647 0.930335
648 0.930344
649 0.930344
650 0.930344
651 0.930353
652 0.930326
653 0.930344
654 0.930335
655 0.930326
656 0.930335
657 0.930244
658 0.930326
659 0.930353
660 0.930362
661 0.930344
662 0.930335
663 0.930335
664 0.930344
665 0.930389
666 0.930362
667 0.930353
668 0.930344
669 0.930344
670 0.930335
671 0.930289
672 0.930407
673 0.930407
674 0.93038
675 0.930362
676 0.930371
677 0.930407
678 0.930353
679 0.930344
680 0.930362
681 0.930362
682 0.930353
683 0.930407
684 0.930407
685 0.930371
686 0.930371
687 0.930398
688 0.930353
689 0.93038
690 0.930407
691 0.930326
692 0.930362
693 0.930389
694 0.930389
695 0.930362
696 0.930362
697 0.930371
698 0.930362
699 0.930371
700 0.930362
701 0.930371
702 0.930371
703 0.930371
704 0.930362
705 0.93038
706 0.930416
707 0.930407
708 0.930398
709 0.930434
710 0.930407
711 0.930407
712 0.930416
713 0.930407
714 0.930407
715 0.930389
716 0.930398
717 0.93038
718 0.930425
719 0.93038
720 0.93038
721 0.930398
722 0.930389
723 0.93038
724 0.93038
725 0.93038
726 0.93038
727 0.930416
728 0.930389
729 0.930389
730 0.93038
731 0.930389
732 0.93038
733 0.930371
734 0.930443
735 0.930416
736 0.93038
737 0.930425
738 0.930398
739 0.930443
740 0.930398
741 0.930398
742 0.930389
743 0.930389
744 0.930434
745 0.930398
746 0.930425
747 0.930389
748 0.93038
749 0.930389
750 0.930425
751 0.930389
752 0.930425
753 0.930425
754 0.930389
755 0.930434
756 0.930398
757 0.930389
758 0.930425
759 0.930443
760 0.930398
761 0.930398
762 0.930398
763 0.930434
764 0.930407
765 0.930307
766 0.930443
767 0.930416
768 0.930443
769 0.930398
770 0.930434
771 0.930434
772 0.930425
773 0.930389
774 0.930425
775 0.930434
776 0.930425
777 0.930389
778 0.930389
779 0.930425
780 0.930425
781 0.930398
782 0.930389
783 0.930434
784 0.930389
785 0.930443
786 0.930398
787 0.930398
788 0.930407
789 0.930253
790 0.930389
791 0.930398
792 0.930434
793 0.930389
794 0.930416
795 0.930398
796 0.93038
797 0.930389
798 0.930389
799 0.930398
800 0.930398
801 0.930398
802 0.930407
803 0.930398
804 0.93038
805 0.930389
806 0.930389
807 0.930389
808 0.930389
809 0.930253
810 0.930425
811 0.930389
812 0.930262
813 0.930271
814 0.930326
815 0.930289
816 0.930298
817 0.930326
818 0.930398
819 0.930262
820 0.930262
821 0.930298
822 0.930389
823 0.93028
824 0.930271
825 0.930307
826 0.930307
827 0.930298
828 0.930271
829 0.930307
830 0.930271
831 0.930298
832 0.930271
833 0.930262
834 0.930317
835 0.93028
836 0.930271
837 0.930262
838 0.930317
839 0.930289
840 0.930289
841 0.930326
842 0.93028
843 0.930317
844 0.930317
845 0.930289
846 0.93028
847 0.930262
848 0.93028
849 0.930317
850 0.930289
851 0.930271
852 0.93028
853 0.930289
854 0.93028
855 0.930271
856 0.930271
857 0.93028
858 0.930271
859 0.930262
860 0.930253
861 0.930271
862 0.930271
863 0.930271
864 0.930253
865 0.930298
866 0.930253
867 0.930253
868 0.930262
869 0.930271
870 0.930271
871 0.930253
872 0.930416
873 0.930235
874 0.930244
875 0.930253
876 0.930244
877 0.930289
878 0.930253
879 0.930289
880 0.930298
881 0.930262
882 0.930244
883 0.930244
884 0.930262
885 0.930181
886 0.930298
887 0.930262
888 0.930253
889 0.930235
890 0.930235
891 0.930253
892 0.930253
893 0.930235
894 0.930253
895 0.930262
896 0.930136
897 0.930154
898 0.930163
899 0.930145
900 0.930154
901 0.930073
902 0.930136
903 0.930136
904 0.930136
905 0.930136
906 0.930154
907 0.930172
908 0.930136
909 0.930118
910 0.930127
911 0.930118
912 0.930118
913 0.930118
914 0.930127
915 0.930118
916 0.930118
917 0.930127
918 0.930109
919 0.930136
920 0.930145
921 0.930136
922 0.930136
923 0.930127
924 0.930118
925 0.930136
926 0.930136
927 0.930163
928 0.930136
929 0.930136
930 0.930127
931 0.930127
932 0.930172
933 0.930127
934 0.930127
935 0.930127
936 0.930136
937 0.930127
938 0.930136
939 0.930136
940 0.930136
941 0.930136
942 0.930172
943 0.930136
944 0.930127
945 0.930172
946 0.930163
947 0.930163
948 0.930136
949 0.930172
950 0.930127
951 0.930145
952 0.930154
953 0.930127
954 0.930163
955 0.930172
956 0.930127
957 0.930118
958 0.930118
959 0.930127
960 0.930118
961 0.930109
962 0.930154
963 0.930118
964 0.930118
965 0.930154
966 0.930118
967 0.930154
968 0.930118
969 0.930118
970 0.930118
971 0.930118
972 0.930118
973 0.930118
974 0.930118
975 0.930118
976 0.930127
977 0.930118
978 0.930127
979 0.930127
980 0.930127
981 0.930145
982 0.930127
983 0.930109
984 0.930127
985 0.930127
986 0.930127
987 0.930127
988 0.930163
989 0.930127
990 0.930127
991 0.930136
992 0.930118
993 0.930109
994 0.930136
995 0.930127
996 0.930136
997 0.930127
998 0.930127
999 0.930145
1000 0.930127
1001 0.930118
1002 0.930136
1003 0.930127
1004 0.930145
1005 0.930127
1006 0.930127
1007 0.930118
1008 0.930154
1009 0.930109
1010 0.930118
1011 0.930136
1012 0.930127
1013 0.930118
1014 0.930145
1015 0.930127
1016 0.930118
1017 0.9301
1018 0.930127
1019 0.930127
1020 0.930127
1021 0.930145
1022 0.930127
1023 0.930136
1024 0.930181
1025 0.930136
1026 0.930118
1027 0.930109
1028 0.930118
1029 0.930172
1030 0.930154
1031 0.930172
1032 0.930154
1033 0.930181
1034 0.930109
1035 0.930127
1036 0.930127
1037 0.930163
1038 0.930127
1039 0.930163
1040 0.930181
1041 0.930127
1042 0.930172
1043 0.930172
1044 0.930163
1045 0.930172
1046 0.930172
1047 0.930163
1048 0.930136
1049 0.930163
1050 0.930181
1051 0.930208
1052 0.930136
1053 0.930181
1054 0.930172
1055 0.930172
1056 0.930199
1057 0.930181
1058 0.930163
1059 0.930154
1060 0.930136
1061 0.930145
1062 0.930145
1063 0.930136
1064 0.930163
1065 0.930199
1066 0.930163
1067 0.930145
1068 0.93019
1069 0.930181
1070 0.930199
1071 0.930172
1072 0.930136
1073 0.93019
1074 0.930172
1075 0.930172
1076 0.930181
1077 0.930181
1078 0.93019
1079 0.930136
1080 0.930181
1081 0.930181
1082 0.930181
1083 0.930154
1084 0.930172
1085 0.930136
1086 0.930118
1087 0.930136
1088 0.930154
1089 0.930145
1090 0.930154
1091 0.930145
1092 0.930154
1093 0.930145
1094 0.930145
1095 0.930154
1096 0.930145
1097 0.930154
1098 0.930172
1099 0.930145
1100 0.930154
1101 0.930154
1102 0.930154
1103 0.930154
1104 0.930163
1105 0.930163
1106 0.930127
1107 0.930163
1108 0.930163
1109 0.930145
1110 0.930154
1111 0.930154
1112 0.930145
1113 0.930154
1114 0.930154
1115 0.930154
1116 0.930154
1117 0.930154
1118 0.93019
1119 0.930136
1120 0.930145
1121 0.930181
1122 0.930145
1123 0.930145
1124 0.930136
1125 0.930136
1126 0.930136
1127 0.930163
1128 0.930154
1129 0.930172
1130 0.930145
1131 0.930172
1132 0.930172
1133 0.930181
1134 0.930172
1135 0.930136
1136 0.930172
1137 0.930154
1138 0.93019
1139 0.930136
1140 0.930145
1141 0.930145
1142 0.930127
1143 0.930172
1144 0.930127
1145 0.930136
1146 0.930136
1147 0.930136
1148 0.930136
1149 0.930145
1150 0.930145
1151 0.930181
1152 0.930136
1153 0.930181
1154 0.930145
1155 0.930145
1156 0.930127
1157 0.930145
1158 0.930136
1159 0.930154
1160 0.930181
1161 0.930172
1162 0.930181
1163 0.930163
1164 0.930127
1165 0.930154
1166 0.930172
1167 0.930136
1168 0.930145
1169 0.930172
1170 0.930145
1171 0.930181
1172 0.930181
1173 0.930136
1174 0.930127
1175 0.930145
1176 0.930145
1177 0.930172
1178 0.930163
1179 0.930127
1180 0.930127
1181 0.930136
1182 0.930109
1183 0.930127
1184 0.930127
1185 0.930172
1186 0.930136
1187 0.930136
1188 0.930163
1189 0.930163
1190 0.930136
1191 0.930136
1192 0.930163
1193 0.930127
1194 0.930127
1195 0.930127
1196 0.930127
1197 0.930118
1198 0.930109
1199 0.930136
1200 0.930172
1201 0.930136
1202 0.930127
1203 0.930118
1204 0.930127
1205 0.930172
1206 0.930172
1207 0.930154
1208 0.930145
1209 0.930181
1210 0.930163
1211 0.930127
1212 0.930145
1213 0.930136
1214 0.930127
1215 0.930181
1216 0.93019
1217 0.930136
1218 0.930136
1219 0.930136
1220 0.930136
1221 0.930136
1222 0.930136
1223 0.930154
1224 0.930145
1225 0.930163
1226 0.930181
1227 0.930145
1228 0.930136
1229 0.930172
1230 0.930163
1231 0.930145
1232 0.930136
1233 0.930127
1234 0.930172
1235 0.930172
1236 0.930172
1237 0.930172
1238 0.930145
1239 0.930172
1240 0.930172
1241 0.930172
1242 0.930181
1243 0.930181
1244 0.930127
1245 0.930163
1246 0.930172
1247 0.930172
1248 0.930172
1249 0.930145
1250 0.930181
1251 0.930172
1252 0.930172
1253 0.930181
1254 0.930145
1255 0.930172
1256 0.930136
1257 0.930163
1258 0.930127
1259 0.930136
1260 0.930163
1261 0.930118
1262 0.930136
1263 0.930163
1264 0.930127
1265 0.930127
1266 0.930163
1267 0.930127
1268 0.930136
1269 0.930172
1270 0.930136
1271 0.930127
1272 0.930127
1273 0.930136
1274 0.930127
1275 0.930109
1276 0.930127
1277 0.930136
1278 0.930118
1279 0.930136
1280 0.930118
1281 0.930127
1282 0.930118
1283 0.930136
1284 0.930136
1285 0.930127
1286 0.930145
1287 0.930118
1288 0.930136
1289 0.930163
1290 0.930127
1291 0.930136
1292 0.930109
1293 0.930136
1294 0.930118
1295 0.930109
1296 0.930109
1297 0.930118
1298 0.930163
1299 0.930118
1300 0.930127
1301 0.930118
1302 0.930127
1303 0.930136
1304 0.930109
1305 0.930109
1306 0.930109
1307 0.930109
1308 0.9301
1309 0.930127
1310 0.9301
1311 0.930154
1312 0.930145
1313 0.930118
1314 0.930145
1315 0.930136
1316 0.930118
1317 0.930154
1318 0.930154
1319 0.930118
1320 0.930154
1321 0.930145
1322 0.9301
1323 0.930109
1324 0.930154
1325 0.930154
1326 0.930136
1327 0.930163
1328 0.930136
1329 0.930118
1330 0.930154
1331 0.930154
1332 0.930145
1333 0.930118
1334 0.930109
1335 0.930154
1336 0.930118
1337 0.930163
1338 0.930118
1339 0.930118
1340 0.930109
1341 0.930136
1342 0.930163
1343 0.930163
1344 0.930118
1345 0.930109
1346 0.930118
1347 0.930118
1348 0.930118
1349 0.930145
1350 0.930109
1351 0.930118
1352 0.930145
1353 0.930109
1354 0.930109
1355 0.930118
1356 0.930109
1357 0.930118
1358 0.930127
1359 0.930163
1360 0.930154
1361 0.930109
1362 0.930109
1363 0.930154
1364 0.930118
1365 0.930118
1366 0.930118
1367 0.930118
1368 0.930163
1369 0.930127
1370 0.930118
1371 0.930127
1372 0.930127
1373 0.930109
1374 0.930118
1375 0.930127
1376 0.930118
1377 0.930136
1378 0.930118
1379 0.930118
1380 0.930118
1381 0.930154
1382 0.930127
1383 0.930127
1384 0.930118
1385 0.930118
1386 0.930118
1387 0.930118
1388 0.930118
1389 0.930118
1390 0.930154
1391 0.930154
1392 0.930127
1393 0.930118
1394 0.930109
1395 0.930127
1396 0.930118
1397 0.930127
1398 0.930118
1399 0.930127
1400 0.930127
1401 0.930118
1402 0.930109
1403 0.930145
1404 0.930118
1405 0.930118
1406 0.930109
1407 0.930118
1408 0.930118
1409 0.930109
1410 0.930136
1411 0.9301
1412 0.930145
1413 0.930127
1414 0.930127
1415 0.930154
1416 0.930118
1417 0.930118
1418 0.930109
1419 0.930127
1420 0.930118
1421 0.930127
1422 0.930127
1423 0.930154
1424 0.930118
1425 0.930109
1426 0.930127
1427 0.930127
1428 0.930118
1429 0.930154
1430 0.930118
1431 0.930118
1432 0.930163
1433 0.930118
1434 0.930118
1435 0.930118
1436 0.930127
1437 0.930154
1438 0.930154
1439 0.930136
1440 0.930154
1441 0.930154
1442 0.930154
1443 0.930145
1444 0.930172
1445 0.930145
1446 0.930154
1447 0.930154
1448 0.930163
1449 0.930118
1450 0.930154
1451 0.930154
1452 0.930163
1453 0.930163
1454 0.930154
1455 0.930145
1456 0.930163
1457 0.930163
1458 0.930109
1459 0.930163
1460 0.930127
1461 0.930127
1462 0.930127
1463 0.930163
1464 0.930163
1465 0.930154
1466 0.930118
1467 0.930118
1468 0.930118
1469 0.930109
1470 0.930127
1471 0.930118
1472 0.930118
1473 0.930118
1474 0.930127
1475 0.930118
1476 0.930118
1477 0.930118
1478 0.930118
1479 0.930127
1480 0.930118
1481 0.930118
1482 0.930145
1483 0.930118
1484 0.930118
1485 0.930127
1486 0.930118
1487 0.930118
1488 0.930118
1489 0.930127
1490 0.930118
1491 0.930118
1492 0.930109
1493 0.930127
1494 0.930118
1495 0.930127
1496 0.930109
1497 0.930118
1498 0.930109
1499 0.930127
1500 0.930118
1501 0.930118
1502 0.930154
1503 0.9301
1504 0.930109
1505 0.930118
1506 0.930109
1507 0.930127
1508 0.930118
1509 0.930154
1510 0.930118
1511 0.930118
1512 0.930154
1513 0.930109
1514 0.930145
1515 0.9301
1516 0.930145
1517 0.930118
1518 0.930127
1519 0.930109
1520 0.930127
1521 0.930118
1522 0.930127
1523 0.930109
1524 0.930163
1525 0.930109
1526 0.930136
1527 0.930145
1528 0.930127
1529 0.930127
1530 0.930136
1531 0.930136
1532 0.930127
1533 0.930127
1534 0.930136
1535 0.930136
1536 0.930145
1537 0.930136
1538 0.930127
1539 0.930109
1540 0.930127
1541 0.930127
1542 0.930127
1543 0.930127
1544 0.930145
1545 0.930127
1546 0.930163
1547 0.930172
1548 0.930154
1549 0.930172
1550 0.930127
1551 0.930127
1552 0.93019
1553 0.930145
1554 0.93019
1555 0.930172
1556 0.930172
1557 0.930118
1558 0.930172
1559 0.930172
1560 0.930136
1561 0.930145
1562 0.930172
1563 0.930181
1564 0.930163
1565 0.930199
1566 0.930136
1567 0.930136
1568 0.930145
1569 0.93019
1570 0.930163
1571 0.930181
1572 0.930136
1573 0.930172
1574 0.930154
1575 0.930145
1576 0.930154
1577 0.930181
1578 0.930136
1579 0.930163
1580 0.930163
1581 0.930181
1582 0.930163
1583 0.930145
1584 0.930154
1585 0.930163
1586 0.930172
1587 0.930172
1588 0.930154
1589 0.930145
1590 0.930127
1591 0.930154
1592 0.930127
1593 0.930181
1594 0.930145
1595 0.930136
1596 0.930136
1597 0.930127
1598 0.930154
1599 0.930172
1600 0.930172
1601 0.930136
1602 0.930172
1603 0.930136
1604 0.930127
1605 0.930127
1606 0.930154
1607 0.930136
1608 0.930136
1609 0.930154
1610 0.930127
1611 0.930154
1612 0.930145
1613 0.930154
1614 0.930145
1615 0.930163
1616 0.930145
1617 0.930172
1618 0.930136
1619 0.930145
1620 0.930136
1621 0.930145
1622 0.930154
1623 0.930181
1624 0.93019
1625 0.930145
1626 0.930154
1627 0.930136
1628 0.930154
1629 0.930145
1630 0.930136
1631 0.930145
1632 0.930154
1633 0.930145
1634 0.930163
1635 0.930136
1636 0.930145
1637 0.930127
1638 0.930154
1639 0.930154
1640 0.930145
1641 0.930136
1642 0.930172
1643 0.930163
1644 0.930145
1645 0.930145
1646 0.930181
1647 0.930154
1648 0.930145
1649 0.930136
1650 0.930163
1651 0.930154
1652 0.930145
1653 0.930127
1654 0.930118
1655 0.930163
1656 0.930127
1657 0.930181
1658 0.930136
1659 0.930145
1660 0.930127
1661 0.930145
1662 0.930118
1663 0.930154
1664 0.930118
1665 0.930136
1666 0.930127
1667 0.930136
1668 0.930109
1669 0.930118
1670 0.930154
1671 0.930118
1672 0.930127
1673 0.930127
1674 0.930127
1675 0.930118
1676 0.9301
1677 0.930136
1678 0.930136
1679 0.930118
1680 0.930118
1681 0.930172
1682 0.930127
1683 0.930118
1684 0.930109
1685 0.930163
1686 0.930136
1687 0.930172
1688 0.930136
1689 0.930172
1690 0.930136
1691 0.930172
1692 0.930145
1693 0.930172
1694 0.930127
1695 0.930181
1696 0.930181
1697 0.930127
1698 0.930136
1699 0.930136
1700 0.930118
1701 0.930127
1702 0.930163
1703 0.930127
1704 0.930163
1705 0.930127
1706 0.930136
1707 0.930127
1708 0.930127
1709 0.930127
1710 0.930163
1711 0.930136
1712 0.930127
1713 0.930127
1714 0.930154
1715 0.930136
1716 0.930136
1717 0.930136
1718 0.930127
1719 0.930127
1720 0.930118
1721 0.930136
1722 0.930118
1723 0.930127
1724 0.930118
1725 0.930127
1726 0.930127
1727 0.930118
1728 0.930118
1729 0.930118
1730 0.930127
1731 0.930127
1732 0.930127
1733 0.930118
1734 0.930127
