iteration accuracy
0 0.859532
1 0.880508
2 0.887662
3 0.895547
4 0.896278
5 0.902214
6 0.901231
7 0.899643
8 0.90963
9 0.913644
10 0.914519
11 0.918038
12 0.917127
13 0.918245
14 0.917894
15 0.917894
16 0.921647
17 0.921051
18 0.9218
19 0.921602
20 0.923857
21 0.924669
22 0.92484
23 0.92383
24 0.925806
25 0.926031
26 0.924976
27 0.925084
28 0.926554
29 0.926176
30 0.927249
31 0.927664
32 0.928025
33 0.925824
34 0.928151
35 0.928097
36 0.928034
37 0.928386
38 0.928296
39 0.928196
40 0.928647
41 0.928314
42 0.928539
43 0.928269
44 0.928494
45 0.928395
46 0.92872
47 0.928557
48 0.928133
49 0.928016
50 0.928214
51 0.92816
52 0.92844
53 0.928431
54 0.928557
55 0.928593
56 0.928602
57 0.928629
58 0.928963
59 0.928693
60 0.928729
61 0.928629
62 0.928855
63 0.928575
64 0.928909
65 0.928891
66 0.928981
67 0.928909
68 0.928999
69 0.929126
70 0.929135
71 0.92908
72 0.928747
73 0.929008
74 0.929071
75 0.929243
76 0.929135
77 0.92927
78 0.929387
79 0.929378
80 0.929315
81 0.929144
82 0.929198
83 0.929171
84 0.929189
85 0.929234
86 0.929487
87 0.92945
88 0.92945
89 0.929342
90 0.929532
91 0.929351
92 0.929604
93 0.929622
94 0.929441
95 0.929622
96 0.929649
97 0.929477
98 0.929694
99 0.929541
100 0.929685
101 0.92973
102 0.929667
103 0.929577
104 0.929622
105 0.929541
106 0.929604
107 0.929694
108 0.929676
109 0.929577
110 0.929649
111 0.929703
112 0.929613
113 0.929667
114 0.929631
115 0.929685
116 0.929784
117 0.929712
118 0.929703
119 0.929739
120 0.929775
121 0.929748
122 0.929676
123 0.929784
124 0.92973
125 0.929838
126 0.929784
127 0.92982
128 0.929775
129 0.929811
130 0.929784
131 0.929811
132 0.929811
133 0.929901
134 0.929856
135 0.929838
136 0.929874
137 0.929856
138 0.929938
139 0.929892
140 0.929901
141 0.929856
142 0.929883
143 0.929838
144 0.929938
145 0.929947
146 0.929874
147 0.929865
148 0.929983
149 0.929956
150 0.929956
151 0.929901
152 0.929901
153 0.929992
154 0.929965
155 0.929992
156 0.929947
157 0.929947
158 0.929974
159 0.92992
160 0.929901
161 0.929956
162 0.929974
163 0.929974
164 0.929956
165 0.929965
166 0.929974
167 0.930001
168 0.929992
169 0.929956
170 0.929956
171 0.929992
172 0.929974
173 0.929929
174 0.929965
175 0.929947
176 0.929956
177 0.929983
178 0.929929
179 0.929983
180 0.930037
181 0.930028
182 0.930082
183 0.930091
184 0.930109
185 0.930055
186 0.930109
187 0.930064
188 0.930118
189 0.930082
190 0.930082
191 0.930127
192 0.930136
193 0.930145
194 0.930145
195 0.930181
196 0.930136
197 0.930199
198 0.930163
199 0.930244
200 0.930136
201 0.930199
202 0.930226
203 0.930181
204 0.930199
205 0.930208
206 0.930244
207 0.930235
208 0.930208
209 0.930181
210 0.930235
211 0.93019
212 0.930199
213 0.930253
214 0.930262
215 0.930271
216 0.930289
217 0.930235
218 0.930244
219 0.930289
220 0.93019
221 0.930307
222 0.930289
223 0.930335
224 0.930262
225 0.930326
226 0.930298
227 0.930298
228 0.930289
229 0.930289
230 0.930253
231 0.93019
232 0.930271
233 0.930289
234 0.930244
235 0.930271
236 0.930253
237 0.930199
238 0.930298
239 0.930163
240 0.930253
241 0.930235
242 0.930226
243 0.930181
244 0.930181
245 0.930262
246 0.930163
247 0.930199
248 0.930154
249 0.930154
250 0.930172
251 0.93019
252 0.930172
253 0.93019
254 0.930181
255 0.930163
256 0.930181
257 0.930163
258 0.930208
259 0.930172
260 0.930172
261 0.930271
262 0.930163
263 0.93019
264 0.930235
265 0.930208
266 0.930208
267 0.930326
268 0.930208
269 0.930226
270 0.930335
271 0.930226
272 0.930253
273 0.930244
274 0.930253
275 0.930335
276 0.930244
277 0.930262
278 0.930244
279 0.930253
280 0.930262
281 0.930289
282 0.93038
283 0.930371
284 0.93028
285 0.930307
286 0.93038
287 0.930317
288 0.930335
289 0.930326
290 0.930326
291 0.930371
292 0.930335
293 0.930407
294 0.930353
295 0.930425
296 0.930344
297 0.930353
298 0.930362
299 0.930362
300 0.930434
301 0.930452
302 0.930362
303 0.930362
304 0.930407
305 0.930416
306 0.930335
307 0.930389
308 0.930425
309 0.93038
310 0.930353
311 0.930344
312 0.930452
313 0.930317
314 0.930443
315 0.930335
316 0.930326
317 0.930326
318 0.930371
319 0.930344
320 0.930335
321 0.930425
322 0.930434
323 0.930344
324 0.930307
325 0.930416
326 0.930362
327 0.930317
328 0.930317
329 0.930443
330 0.930362
331 0.930317
332 0.930389
333 0.930289
334 0.930317
335 0.930317
336 0.930307
337 0.930298
338 0.930298
339 0.930362
340 0.930289
341 0.930298
342 0.930271
343 0.93028
344 0.93028
345 0.930344
346 0.930253
347 0.930353
348 0.930217
349 0.930362
350 0.930262
351 0.930335
352 0.930244
353 0.930344
354 0.930289
355 0.930262
356 0.93028
357 0.930253
358 0.930271
359 0.930253
360 0.93028
361 0.930262
362 0.930344
363 0.930244
364 0.930353
365 0.930235
366 0.930344
367 0.930353
368 0.930317
369 0.930326
370 0.930317
371 0.93028
372 0.930271
373 0.930253
374 0.930244
375 0.930244
376 0.930317
377 0.930244
378 0.930226
379 0.930226
380 0.930244
381 0.930217
382 0.930253
383 0.930226
384 0.930253
385 0.930253
386 0.930307
387 0.930226
388 0.930262
389 0.930253
390 0.930307
391 0.930353
392 0.930353
393 0.930244
394 0.930253
395 0.930253
396 0.930235
397 0.930271
398 0.930289
399 0.930262
400 0.930289
401 0.930353
402 0.930289
403 0.930262
404 0.930317
405 0.930289
406 0.930262
407 0.930271
408 0.930326
409 0.930307
410 0.930271
411 0.930326
412 0.930253
413 0.930262
414 0.930335
415 0.930271
416 0.930262
417 0.930262
418 0.930253
419 0.930371
420 0.930353
421 0.930262
422 0.930253
423 0.930353
424 0.930253
425 0.930298
426 0.930244
427 0.930244
428 0.930262
429 0.930253
430 0.930298
431 0.930244
432 0.930335
433 0.930244
434 0.930253
435 0.930253
436 0.930335
437 0.93028
438 0.930289
439 0.930298
440 0.930262
441 0.930262
442 0.930253
443 0.930262
444 0.930253
445 0.930253
446 0.930226
447 0.930244
448 0.930244
449 0.930235
450 0.930253
451 0.930244
452 0.930253
453 0.930253
454 0.930244
455 0.930262
456 0.930235
457 0.930262
458 0.930244
459 0.930362
460 0.930271
461 0.930271
462 0.930307
463 0.930353
464 0.930289
465 0.930262
466 0.930253
467 0.930344
468 0.930226
469 0.930244
470 0.930217
471 0.930217
472 0.930217
473 0.930244
474 0.930217
475 0.930217
476 0.930235
477 0.930199
478 0.930226
479 0.930199
480 0.930208
481 0.930244
482 0.930199
483 0.930199
484 0.930289
485 0.930235
486 0.93019
487 0.930244
488 0.930208
489 0.930271
490 0.930199
491 0.930244
492 0.930235
493 0.93028
494 0.930262
495 0.930208
496 0.930253
497 0.930262
498 0.930262
499 0.930307
500 0.930253
501 0.930253
502 0.930253
503 0.930262
504 0.930262
505 0.930244
506 0.930253
507 0.930244
508 0.930262
509 0.930253
510 0.930253
511 0.930262
512 0.930244
513 0.930253
514 0.930244
515 0.930244
516 0.930262
517 0.930244
518 0.930253
519 0.93028
520 0.930262
521 0.930253
522 0.930244
523 0.93028
524 0.930271
525 0.930253
526 0.930271
527 0.93038
528 0.930344
529 0.930335
530 0.930262
531 0.930289
532 0.930253
533 0.930253
534 0.930307
535 0.930326
536 0.930344
537 0.930362
538 0.930335
539 0.930253
540 0.930253
541 0.930262
542 0.930262
543 0.930335
544 0.930244
545 0.930262
546 0.930244
547 0.930289
548 0.930262
549 0.930289
550 0.930244
551 0.930262
552 0.930253
553 0.930335
554 0.930353
555 0.930262
556 0.930244
557 0.930335
558 0.930253
559 0.930335
560 0.930335
561 0.930344
562 0.930289
563 0.930244
564 0.930335
565 0.930262
566 0.930244
567 0.930298
568 0.930271
569 0.930335
570 0.930289
571 0.930271
572 0.930344
573 0.93038
574 0.930262
575 0.930253
576 0.930335
577 0.930371
578 0.930389
579 0.930344
580 0.930344
581 0.930344
582 0.930371
583 0.930262
584 0.930353
585 0.930371
586 0.930353
587 0.930271
588 0.930353
589 0.930335
590 0.930335
591 0.930353
592 0.930307
593 0.930335
594 0.930271
595 0.930326
596 0.930317
597 0.930344
598 0.930335
599 0.930317
600 0.930335
601 0.930317
602 0.930344
603 0.930362
604 0.930317
605 0.930353
606 0.930335
607 0.930307
608 0.930317
609 0.930344
610 0.930235
611 0.930317
612 0.930317
613 0.930317
614 0.930326
615 0.930353
616 0.930335
617 0.930317
618 0.930317
619 0.930244
620 0.930317
621 0.930317
622 0.930317
623 0.930353
624 0.930344
625 0.930317
626 0.930235
627 0.930344
628 0.930335
629 0.93038
630 0.930344
631 0.930353
632 0.93038
633 0.930335
634 0.930344
635 0.93038
636 0.93038
637 0.930371
638 0.930344
639 0.93038
640 0.930344
641 0.930353
642 0.930344
643 0.930353
644 0.930344
645 0.930344
646 0.930389
647 0.930344
648 0.930326
649 0.930335
650 0.930371
651 0.930353
652 0.930335
653 0.930335
654 0.930344
655 0.930344
656 0.930353
657 0.93038
658 0.930326
659 0.930362
660 0.930371
661 0.930362
662 0.930353
663 0.930371
664 0.930371
665 0.930362
666 0.930353
667 0.930353
668 0.930353
669 0.930362
670 0.930362
671 0.930344
672 0.930362
673 0.930353
674 0.930335
675 0.930353
676 0.93038
677 0.930335
678 0.930353
679 0.930335
680 0.930353
681 0.930335
682 0.93038
683 0.93038
684 0.930398
685 0.930389
686 0.930371
687 0.93038
688 0.930389
689 0.930371
690 0.93038
691 0.930389
692 0.93038
693 0.930371
694 0.93038
695 0.930398
696 0.930389
697 0.930389
698 0.93038
699 0.930407
700 0.93038
701 0.93038
702 0.930389
703 0.930434
704 0.930425
705 0.930407
706 0.930371
707 0.930389
708 0.930398
709 0.930425
710 0.930389
711 0.93038
712 0.930398
713 0.930425
714 0.930398
715 0.930398
716 0.930398
717 0.93038
718 0.930398
719 0.93038
720 0.93038
721 0.930407
722 0.93038
723 0.930434
724 0.930425
725 0.930389
726 0.930398
727 0.930398
728 0.930398
729 0.930389
730 0.930389
731 0.930389
732 0.930407
733 0.930389
734 0.930398
735 0.930389
736 0.930389
737 0.930407
738 0.930389
739 0.930389
740 0.930389
741 0.930398
742 0.930389
743 0.93038
744 0.930425
745 0.930398
746 0.930434
747 0.930389
748 0.930389
749 0.930407
750 0.930398
751 0.93038
752 0.930371
753 0.930389
754 0.93038
755 0.930425
756 0.930407
757 0.930389
758 0.930389
759 0.930389
760 0.930389
761 0.930398
762 0.930389
763 0.930425
764 0.930407
765 0.930407
766 0.93038
767 0.93038
768 0.930389
769 0.930434
770 0.93038
771 0.93038
772 0.930425
773 0.930416
774 0.930371
775 0.930398
776 0.93038
777 0.930389
778 0.930389
779 0.93038
780 0.93038
781 0.930398
782 0.930425
783 0.930389
784 0.93038
785 0.930434
786 0.930389
787 0.93038
788 0.930425
789 0.930434
790 0.930389
791 0.930425
792 0.930425
793 0.930398
794 0.930398
795 0.930389
796 0.930389
797 0.93038
798 0.930389
799 0.930416
800 0.930398
801 0.930389
802 0.93038
803 0.930389
804 0.93038
805 0.930389
806 0.930389
807 0.930416
808 0.930389
809 0.930407
810 0.930389
811 0.930371
812 0.930389
813 0.930389
814 0.930289
815 0.930398
816 0.930371
817 0.930262
818 0.930307
819 0.930416
820 0.930389
821 0.930298
822 0.930434
823 0.930262
824 0.930262
825 0.930262
826 0.93028
827 0.930271
828 0.930307
829 0.930289
830 0.930262
831 0.93028
832 0.930262
833 0.93028
834 0.930271
835 0.930262
836 0.930262
837 0.930289
838 0.930271
839 0.930262
840 0.930271
841 0.93028
842 0.930262
843 0.930271
844 0.930317
845 0.930253
846 0.930262
847 0.930271
848 0.930271
849 0.930307
850 0.93028
851 0.930271
852 0.930271
853 0.930271
854 0.930271
855 0.930271
856 0.930262
857 0.930262
858 0.930271
859 0.930253
860 0.930271
861 0.93028
862 0.930271
863 0.930289
864 0.930253
865 0.93028
866 0.930262
867 0.930262
868 0.930262
869 0.930262
870 0.930262
871 0.930244
872 0.930253
873 0.930244
874 0.930244
875 0.930253
876 0.930289
877 0.930271
878 0.930244
879 0.930235
880 0.930271
881 0.930226
882 0.930235
883 0.930244
884 0.930271
885 0.930235
886 0.930253
887 0.930271
888 0.930271
889 0.930235
890 0.930235
891 0.930244
892 0.930118
893 0.930136
894 0.930136
895 0.930127
896 0.930136
897 0.930163
898 0.930118
899 0.930109
900 0.930118
901 0.930127
902 0.930127
903 0.930127
904 0.930163
905 0.930145
906 0.930145
907 0.930163
908 0.930145
909 0.930118
910 0.930154
911 0.930118
912 0.930127
913 0.930118
914 0.930109
915 0.930109
916 0.930154
917 0.930109
918 0.930163
919 0.9301
920 0.930127
921 0.930136
922 0.930163
923 0.930154
924 0.930109
925 0.930154
926 0.930109
927 0.9301
928 0.930109
929 0.930154
930 0.930109
931 0.930118
932 0.930118
933 0.930136
934 0.930127
935 0.930118
936 0.930127
937 0.930118
938 0.930109
939 0.930118
940 0.930118
941 0.930109
942 0.930163
943 0.930154
944 0.930154
945 0.930118
946 0.930118
947 0.930127
948 0.930127
949 0.930154
950 0.930154
951 0.930163
952 0.930127
953 0.930109
954 0.930127
955 0.930163
956 0.930163
957 0.930118
958 0.930127
959 0.930118
960 0.930118
961 0.930127
962 0.930118
963 0.930118
964 0.930163
965 0.930127
966 0.930127
967 0.930127
968 0.9301
969 0.930109
970 0.930118
971 0.930127
972 0.930127
973 0.930118
974 0.930127
975 0.930118
976 0.930118
977 0.930127
978 0.930118
979 0.930118
980 0.930109
981 0.930127
982 0.930109
983 0.930118
984 0.930145
985 0.930127
986 0.930109
987 0.930118
988 0.930109
989 0.930118
990 0.930109
991 0.9301
992 0.930118
993 0.930109
994 0.9301
995 0.9301
996 0.930118
997 0.930109
998 0.930136
999 0.9301
1000 0.9301
1001 0.930145
1002 0.930127
1003 0.930118
1004 0.9301
1005 0.9301
1006 0.930109
1007 0.930154
1008 0.930118
1009 0.930163
1010 0.930145
1011 0.930082
1012 0.930145
1013 0.930145
1014 0.930145
1015 0.930109
1016 0.9301
1017 0.930109
1018 0.9301
1019 0.930154
1020 0.930163
1021 0.930109
1022 0.930163
1023 0.930091
1024 0.930109
1025 0.930127
1026 0.930163
1027 0.930136
1028 0.930118
1029 0.930118
1030 0.930127
1031 0.930127
1032 0.930127
1033 0.930136
1034 0.930127
1035 0.930154
1036 0.930136
1037 0.930154
1038 0.930172
1039 0.930172
1040 0.930145
1041 0.930163
1042 0.930154
1043 0.930127
1044 0.930118
1045 0.930145
1046 0.930163
1047 0.930109
1048 0.930163
1049 0.930109
1050 0.930154
1051 0.930118
1052 0.930118
1053 0.930172
1054 0.930127
1055 0.930109
1056 0.930118
1057 0.930118
1058 0.930127
1059 0.930118
1060 0.930136
1061 0.930145
1062 0.930118
1063 0.930145
1064 0.930145
1065 0.930136
1066 0.930136
1067 0.930136
1068 0.930127
1069 0.930163
1070 0.930136
1071 0.930145
1072 0.930136
1073 0.930118
1074 0.930154
1075 0.930181
1076 0.930163
1077 0.930136
1078 0.93019
1079 0.930136
1080 0.930163
1081 0.930127
1082 0.930118
1083 0.930163
1084 0.930145
1085 0.930136
1086 0.930118
1087 0.930154
1088 0.930127
1089 0.930118
1090 0.930127
1091 0.930118
1092 0.930172
1093 0.930118
1094 0.930145
1095 0.930136
1096 0.930118
1097 0.930154
1098 0.930127
1099 0.930136
1100 0.930136
1101 0.930127
1102 0.930136
1103 0.930118
1104 0.930136
1105 0.930118
1106 0.930127
1107 0.930172
1108 0.930136
1109 0.930181
1110 0.930181
1111 0.930181
1112 0.930145
1113 0.930136
1114 0.930145
1115 0.930136
1116 0.930154
1117 0.930154
1118 0.930163
1119 0.930127
1120 0.930127
1121 0.930127
1122 0.930136
1123 0.930127
1124 0.930154
1125 0.930136
1126 0.930154
1127 0.930145
1128 0.930145
1129 0.930136
1130 0.930172
1131 0.930163
1132 0.930136
1133 0.930163
1134 0.930136
1135 0.930127
1136 0.930145
1137 0.930118
1138 0.930127
1139 0.930163
1140 0.930154
1141 0.930163
1142 0.930136
1143 0.930163
1144 0.930163
1145 0.930145
1146 0.930145
1147 0.930163
1148 0.930136
1149 0.930127
1150 0.930163
1151 0.930145
1152 0.930145
1153 0.930127
1154 0.930127
1155 0.930163
1156 0.930127
1157 0.930163
1158 0.930172
1159 0.930172
1160 0.930118
1161 0.930163
1162 0.930181
1163 0.930145
1164 0.930127
1165 0.930145
1166 0.930172
1167 0.930136
1168 0.930145
1169 0.930136
1170 0.930118
1171 0.930154
1172 0.930145
1173 0.930181
1174 0.930136
1175 0.930136
1176 0.930127
1177 0.930145
1178 0.930145
1179 0.930163
1180 0.930127
1181 0.930136
1182 0.930145
1183 0.930127
1184 0.930136
1185 0.930118
1186 0.930118
1187 0.930172
1188 0.930136
1189 0.930118
1190 0.930154
1191 0.930127
1192 0.930127
1193 0.930154
1194 0.930127
1195 0.930145
1196 0.930118
1197 0.930145
1198 0.930118
1199 0.930118
1200 0.930136
1201 0.930154
1202 0.930109
1203 0.930127
1204 0.930154
1205 0.930118
1206 0.930127
1207 0.930118
1208 0.930127
1209 0.930118
1210 0.930136
1211 0.930109
1212 0.930145
1213 0.930109
1214 0.930127
1215 0.930109
1216 0.930118
1217 0.930118
1218 0.930109
1219 0.930154
1220 0.9301
1221 0.930118
1222 0.930127
1223 0.930118
1224 0.930109
1225 0.930118
1226 0.930118
1227 0.930118
1228 0.930109
1229 0.930118
1230 0.930127
1231 0.930118
1232 0.930118
1233 0.930136
1234 0.930118
1235 0.930118
1236 0.930127
1237 0.930145
1238 0.930127
1239 0.930118
1240 0.930127
1241 0.930127
1242 0.930127
1243 0.930127
1244 0.930118
1245 0.930109
1246 0.930118
1247 0.930127
1248 0.930154
1249 0.930136
1250 0.930154
1251 0.930154
1252 0.930172
1253 0.930136
1254 0.930136
1255 0.930127
1256 0.930127
1257 0.930109
1258 0.930127
1259 0.930127
1260 0.930172
1261 0.930145
1262 0.930172
1263 0.930109
1264 0.930109
1265 0.930127
1266 0.9301
1267 0.930136
1268 0.930118
1269 0.930163
1270 0.930154
1271 0.930172
1272 0.930154
1273 0.930163
1274 0.930145
1275 0.930109
1276 0.930145
1277 0.930127
1278 0.930163
1279 0.930118
1280 0.930172
1281 0.930181
1282 0.930163
1283 0.930145
1284 0.930163
1285 0.930163
1286 0.930181
1287 0.930145
1288 0.930136
1289 0.9301
1290 0.930127
1291 0.930118
1292 0.930127
1293 0.930172
1294 0.930136
1295 0.930127
1296 0.930118
1297 0.930136
1298 0.930136
1299 0.930118
1300 0.930154
1301 0.930127
