iteration accuracy
0 0.883476
1 0.896584
2 0.898542
3 0.909305
4 0.914402
5 0.910523
6 0.915548
7 0.918669
8 0.921538
9 0.921448
10 0.920997
11 0.921656
12 0.922982
13 0.923848
14 0.922819
15 0.925445
16 0.923397
17 0.925228
18 0.924985
19 0.92577
20 0.925138
21 0.92724
22 0.926735
23 0.92752
24 0.925634
25 0.926374
26 0.927682
27 0.926897
28 0.92761
29 0.927619
30 0.928223
31 0.92826
32 0.926807
33 0.926933
34 0.928981
35 0.928837
36 0.928043
37 0.929613
38 0.929306
39 0.927799
40 0.929468
41 0.929279
42 0.927944
43 0.92964
44 0.930271
45 0.928241
46 0.930181
47 0.929396
48 0.930037
49 0.929703
50 0.929983
51 0.928278
52 0.929784
53 0.930091
54 0.930172
55 0.930398
56 0.930253
57 0.92955
58 0.930028
59 0.930091
60 0.930136
61 0.929144
62 0.93084
63 0.930533
64 0.930208
65 0.930759
66 0.930506
67 0.930713
68 0.93056
69 0.930804
70 0.930704
71 0.930578
72 0.930966
73 0.930632
74 0.931002
75 0.930335
76 0.930578
77 0.930786
78 0.931282
79 0.930488
80 0.930822
81 0.930317
82 0.930091
83 0.930362
84 0.930262
85 0.930326
86 0.930253
87 0.93019
88 0.930362
89 0.929992
90 0.929965
91 0.930488
92 0.930172
93 0.930425
94 0.929874
95 0.93001
96 0.930443
97 0.929874
98 0.930064
99 0.930019
100 0.929613
101 0.929459
102 0.930064
103 0.930208
104 0.930019
105 0.929676
106 0.929667
107 0.929847
108 0.929757
109 0.929802
110 0.929487
111 0.929631
112 0.929793
113 0.929983
114 0.929748
115 0.929856
116 0.929432
117 0.92945
118 0.929559
119 0.929721
120 0.929333
121 0.929487
122 0.929613
123 0.929369
124 0.929874
125 0.929523
126 0.929541
127 0.929739
128 0.929405
129 0.929856
130 0.929324
131 0.929496
132 0.929703
133 0.929541
134 0.929956
135 0.929423
136 0.929649
137 0.929649
138 0.929838
139 0.929586
140 0.929523
141 0.929414
142 0.929387
143 0.929324
144 0.929198
145 0.929577
146 0.929487
147 0.929405
148 0.929604
149 0.929559
150 0.929595
151 0.929414
152 0.929468
153 0.929459
154 0.929739
155 0.929532
156 0.929468
157 0.929649
158 0.929604
159 0.929496
160 0.929685
161 0.929378
162 0.929658
163 0.929532
164 0.929721
165 0.929342
166 0.929306
167 0.929279
168 0.929541
169 0.929532
170 0.929514
171 0.929477
172 0.929387
173 0.929613
174 0.92927
175 0.929225
176 0.92945
177 0.929387
178 0.929432
179 0.929405
180 0.929468
181 0.929441
182 0.92936
183 0.929306
184 0.929459
185 0.929135
186 0.929414
187 0.929487
188 0.92927
189 0.92927
190 0.929396
191 0.929342
192 0.929279
193 0.929396
194 0.92936
195 0.929324
196 0.92927
197 0.929378
198 0.929243
199 0.929369
200 0.929333
201 0.92927
202 0.92918
203 0.929225
204 0.929288
205 0.92927
206 0.929324
207 0.929315
208 0.92918
209 0.929279
210 0.929153
211 0.929315
212 0.929279
213 0.929171
214 0.929342
215 0.929062
216 0.92936
217 0.929108
218 0.929162
219 0.92908
220 0.92927
221 0.929234
222 0.92927
223 0.929099
224 0.929243
225 0.929315
226 0.929225
227 0.92918
228 0.929071
229 0.929162
230 0.929153
231 0.929243
232 0.929216
233 0.929261
234 0.929144
235 0.929216
236 0.929153
237 0.92927
238 0.929162
239 0.929243
240 0.929243
241 0.929144
242 0.929108
243 0.929053
244 0.929216
245 0.929035
246 0.929171
247 0.92918
248 0.92918
249 0.929108
250 0.929207
251 0.929035
252 0.929198
253 0.929225
254 0.929099
255 0.929099
256 0.928981
257 0.929117
258 0.92908
259 0.929207
260 0.929162
261 0.929261
262 0.929117
263 0.929162
264 0.929162
265 0.929035
266 0.929171
267 0.928972
268 0.929135
269 0.928873
270 0.929099
271 0.929162
272 0.929099
273 0.92909
274 0.929008
275 0.929117
276 0.929108
277 0.928945
278 0.929171
279 0.928972
280 0.929044
281 0.928837
282 0.929044
283 0.9289
284 0.929053
285 0.928873
286 0.928918
287 0.92908
288 0.928828
289 0.928981
290 0.929026
291 0.929099
292 0.929008
293 0.928828
294 0.929053
295 0.929044
296 0.928864
297 0.928882
298 0.928972
299 0.928855
300 0.928909
301 0.929053
302 0.929035
303 0.928954
304 0.928837
305 0.928936
306 0.928873
307 0.928927
308 0.929035
309 0.929162
310 0.928855
311 0.929017
312 0.928855
313 0.928774
314 0.928981
315 0.929035
316 0.92908
317 0.928918
318 0.928873
319 0.928828
320 0.929053
321 0.928846
322 0.928909
323 0.92899
324 0.928936
325 0.928792
326 0.92908
327 0.928882
328 0.929053
329 0.929062
330 0.928828
331 0.928882
332 0.9289
333 0.928882
334 0.928891
335 0.928864
336 0.928864
337 0.92881
338 0.928891
339 0.928819
340 0.928783
341 0.928846
342 0.929035
343 0.928909
344 0.928882
345 0.928801
346 0.928855
347 0.928882
348 0.928837
349 0.928909
350 0.9289
351 0.928864
352 0.928999
353 0.928882
354 0.929062
355 0.928738
356 0.928891
357 0.928882
358 0.928837
359 0.928864
360 0.928819
361 0.928837
362 0.928873
363 0.928891
364 0.928864
365 0.928873
366 0.929062
367 0.928846
368 0.928837
369 0.9289
370 0.929026
371 0.928828
372 0.928828
373 0.928819
374 0.92899
375 0.928837
376 0.9289
377 0.928855
378 0.928846
379 0.928873
380 0.928828
381 0.928846
382 0.928864
383 0.928819
384 0.928855
385 0.928864
386 0.928783
387 0.928855
388 0.928828
389 0.928819
390 0.928891
391 0.928882
392 0.928819
393 0.928864
394 0.928819
395 0.929053
396 0.928927
397 0.929026
398 0.928873
399 0.928882
400 0.928945
401 0.928837
402 0.929044
403 0.928891
404 0.928891
405 0.928846
406 0.928972
407 0.928792
408 0.92881
409 0.928801
410 0.92881
411 0.928891
412 0.9289
413 0.928783
414 0.928846
415 0.929017
416 0.928828
417 0.928846
418 0.928819
419 0.928936
420 0.928828
421 0.928963
422 0.928864
423 0.928873
424 0.929017
425 0.928936
426 0.928864
427 0.929071
428 0.929008
429 0.928828
430 0.928864
431 0.928918
432 0.928837
433 0.928855
434 0.929071
435 0.928882
436 0.928882
437 0.928792
438 0.92881
439 0.928837
440 0.928792
441 0.928801
442 0.928864
443 0.928882
444 0.928783
445 0.928837
446 0.928909
447 0.928855
448 0.928873
449 0.928864
450 0.928954
451 0.928819
452 0.928837
453 0.928855
454 0.928846
455 0.9289
456 0.928873
457 0.928927
458 0.928873
459 0.928918
460 0.928792
461 0.928792
462 0.92881
463 0.928855
464 0.928936
465 0.928846
466 0.92881
467 0.928837
468 0.928846
469 0.928864
470 0.928864
471 0.928783
472 0.928846
473 0.928873
474 0.928936
475 0.928783
476 0.92881
477 0.928819
478 0.928756
479 0.928783
480 0.928738
481 0.928846
482 0.928765
483 0.928765
484 0.928828
485 0.928783
486 0.928765
487 0.928756
488 0.928819
489 0.928918
490 0.928765
491 0.92872
492 0.928729
493 0.928927
494 0.928819
495 0.92872
496 0.928792
497 0.928819
498 0.928819
499 0.92881
500 0.928828
501 0.92872
502 0.928783
503 0.92881
504 0.928936
505 0.928837
506 0.928918
507 0.928765
508 0.928864
509 0.928792
510 0.928801
511 0.928729
512 0.928792
513 0.928765
514 0.928855
515 0.928756
516 0.928828
517 0.92881
518 0.928846
519 0.928792
520 0.928819
521 0.928945
522 0.92881
523 0.928819
524 0.928837
525 0.928846
526 0.928819
527 0.928774
528 0.92881
529 0.928819
530 0.928846
531 0.928918
532 0.928864
533 0.928774
534 0.928837
535 0.928873
536 0.928882
537 0.928828
538 0.928801
539 0.92881
540 0.928837
541 0.928873
542 0.928828
543 0.928882
544 0.928864
545 0.928837
546 0.928846
547 0.928828
548 0.928855
549 0.928828
550 0.92881
551 0.928873
552 0.928792
553 0.928864
554 0.928855
555 0.928837
556 0.92881
557 0.928846
558 0.928801
559 0.92881
560 0.928828
561 0.928855
562 0.928837
563 0.928891
564 0.928855
565 0.928783
566 0.928819
567 0.928792
568 0.928882
569 0.92881
570 0.928837
571 0.928837
572 0.928819
573 0.928864
574 0.928828
575 0.928837
576 0.928855
577 0.928819
578 0.928747
579 0.928864
580 0.928765
581 0.928855
582 0.928828
583 0.928882
584 0.928846
585 0.928837
586 0.92881
587 0.928819
588 0.928801
589 0.928837
590 0.928774
591 0.928918
592 0.928819
593 0.92881
594 0.9289
595 0.928837
596 0.928837
597 0.928837
598 0.928855
599 0.928819
600 0.928855
601 0.928792
602 0.928801
603 0.928846
604 0.928837
605 0.928891
606 0.928819
607 0.928846
608 0.928801
609 0.928819
610 0.928837
611 0.928837
612 0.928837
613 0.928837
614 0.928819
615 0.928855
616 0.928846
617 0.928837
618 0.928819
619 0.928855
620 0.928855
621 0.928846
622 0.928864
623 0.928792
624 0.928873
625 0.928801
626 0.928873
627 0.928855
628 0.928801
629 0.928792
630 0.928855
631 0.928846
632 0.928837
633 0.928828
634 0.928855
635 0.928864
636 0.928873
637 0.928837
638 0.928819
639 0.928828
640 0.928837
641 0.928837
642 0.928801
643 0.928801
644 0.928819
645 0.928801
646 0.928819
647 0.928846
648 0.928864
649 0.928846
650 0.92881
651 0.928846
652 0.928801
653 0.928828
654 0.928864
655 0.928846
656 0.928864
657 0.928909
658 0.928855
659 0.928828
660 0.928837
661 0.928873
662 0.928882
663 0.928846
664 0.928792
665 0.928801
666 0.928837
667 0.928855
668 0.92881
669 0.928837
670 0.928801
671 0.928792
672 0.92881
673 0.928828
674 0.928828
675 0.928882
676 0.92881
677 0.928846
678 0.928855
679 0.928864
680 0.928846
681 0.928837
682 0.928828
683 0.928864
684 0.928837
685 0.928846
686 0.928783
687 0.928837
688 0.928819
689 0.928873
690 0.928792
691 0.928837
692 0.928846
693 0.928837
694 0.928837
695 0.928864
696 0.928747
697 0.928792
698 0.928828
699 0.928792
700 0.928819
701 0.928828
702 0.928801
703 0.928855
704 0.928837
705 0.928873
706 0.928873
707 0.928882
708 0.928873
709 0.928819
710 0.928828
711 0.928891
712 0.928819
713 0.928819
714 0.928882
715 0.92881
716 0.928792
717 0.928801
718 0.928837
719 0.928819
720 0.928828
721 0.928819
722 0.928828
723 0.928999
724 0.928855
725 0.928846
726 0.928828
727 0.92881
728 0.928846
729 0.928819
730 0.928846
731 0.928828
732 0.928801
733 0.928882
734 0.928855
735 0.928846
736 0.928846
737 0.928828
738 0.928819
739 0.928828
740 0.928774
741 0.928828
742 0.928828
743 0.928792
744 0.928819
745 0.928873
746 0.928774
747 0.928846
748 0.92881
749 0.928864
750 0.92881
751 0.928846
752 0.928846
753 0.928837
754 0.928846
755 0.928801
756 0.928855
757 0.928837
758 0.928774
759 0.928864
760 0.928828
761 0.928846
762 0.928837
763 0.928855
764 0.928855
765 0.928774
766 0.928864
767 0.92881
768 0.928765
769 0.928846
770 0.928837
771 0.928855
772 0.928864
773 0.928819
774 0.928864
775 0.928837
776 0.928882
777 0.928792
778 0.928828
779 0.928846
780 0.928828
781 0.928855
782 0.928837
783 0.928864
784 0.928837
785 0.928819
786 0.928792
787 0.928801
788 0.928855
789 0.928828
790 0.928819
791 0.928801
792 0.928828
793 0.928819
794 0.928819
795 0.928837
796 0.928792
797 0.928864
798 0.928819
799 0.928864
800 0.928783
801 0.92881
802 0.928873
803 0.928864
804 0.928819
805 0.928837
806 0.928792
807 0.928846
808 0.928837
809 0.928837
810 0.928819
811 0.928837
812 0.928837
813 0.928828
814 0.928864
815 0.928837
816 0.928828
817 0.928801
818 0.92881
819 0.928855
820 0.928837
821 0.928846
822 0.928855
823 0.928864
824 0.928855
825 0.928801
826 0.928855
827 0.92881
828 0.928774
829 0.928855
830 0.928828
831 0.928774
832 0.928819
833 0.928846
834 0.928819
835 0.928837
836 0.928783
837 0.928855
838 0.928855
839 0.928837
840 0.928828
841 0.928837
842 0.928855
843 0.928855
844 0.928846
845 0.928846
846 0.928792
847 0.92881
848 0.928828
849 0.928828
850 0.928828
851 0.928774
852 0.92881
853 0.928801
854 0.928828
855 0.928819
856 0.92881
857 0.928819
858 0.928819
859 0.928792
860 0.928837
861 0.928837
862 0.928846
863 0.928846
864 0.928837
865 0.928828
866 0.928828
867 0.928855
868 0.928819
869 0.92881
870 0.928828
871 0.928855
872 0.928846
873 0.928819
874 0.928837
875 0.928828
876 0.928828
877 0.928774
878 0.928846
879 0.928792
880 0.928801
881 0.928837
882 0.928819
883 0.92881
884 0.928783
885 0.928801
886 0.928837
887 0.928819
888 0.928864
889 0.928828
890 0.928792
891 0.928792
892 0.928819
893 0.928783
894 0.92881
895 0.92881
896 0.92881
897 0.92881
898 0.928846
899 0.928828
900 0.928855
901 0.928819
902 0.92881
903 0.928783
904 0.92881
905 0.928801
906 0.92881
907 0.92881
908 0.928801
909 0.928801
910 0.928828
911 0.928846
912 0.928774
913 0.928801
914 0.928801
915 0.928837
916 0.92881
917 0.928801
918 0.928828
919 0.928828
920 0.928837
921 0.928801
922 0.92881
923 0.928828
924 0.928783
925 0.928792
926 0.928765
927 0.928792
928 0.928792
929 0.928792
930 0.928819
931 0.928828
932 0.928846
933 0.928837
934 0.928801
935 0.928801
936 0.928765
937 0.928801
938 0.928837
939 0.928828
940 0.928801
941 0.928846
942 0.92881
943 0.928828
944 0.92881
945 0.928819
946 0.928801
947 0.928774
948 0.928792
949 0.928846
950 0.928792
951 0.928792
952 0.928783
953 0.928783
954 0.928765
955 0.928783
956 0.928819
957 0.92881
958 0.928801
959 0.928819
960 0.928783
961 0.928954
962 0.928774
963 0.928819
964 0.928783
965 0.928792
966 0.928774
967 0.92881
968 0.928783
969 0.928819
970 0.928792
971 0.928819
972 0.928819
973 0.928738
974 0.92881
975 0.928756
976 0.928819
977 0.928765
978 0.92881
979 0.928801
980 0.928783
981 0.928855
982 0.928792
983 0.928855
984 0.928828
985 0.928819
986 0.928846
987 0.928846
988 0.928747
989 0.928855
990 0.928801
991 0.928774
992 0.928792
993 0.928792
994 0.928837
995 0.92881
996 0.928792
997 0.928765
998 0.928819
999 0.928792
1000 0.92881
1001 0.928837
1002 0.928783
1003 0.928819
1004 0.928819
1005 0.928801
1006 0.928792
1007 0.928792
1008 0.928774
1009 0.928765
1010 0.928756
1011 0.928774
1012 0.928819
1013 0.928819
1014 0.92881
1015 0.928819
1016 0.928846
1017 0.928783
1018 0.928792
1019 0.928801
1020 0.928765
1021 0.928783
1022 0.928819
1023 0.928756
1024 0.92881
1025 0.928828
1026 0.928756
1027 0.92881
1028 0.928774
1029 0.928711
1030 0.928801
1031 0.928801
1032 0.928792
1033 0.928783
1034 0.928792
1035 0.928783
1036 0.928819
1037 0.928774
1038 0.928828
1039 0.928747
1040 0.928819
1041 0.928846
1042 0.928801
1043 0.928801
1044 0.928801
1045 0.928756
1046 0.92881
1047 0.928792
1048 0.928783
1049 0.928774
1050 0.92881
1051 0.928756
1052 0.92881
1053 0.928756
1054 0.928792
1055 0.928801
1056 0.928792
1057 0.928801
1058 0.928801
1059 0.92881
1060 0.928756
1061 0.928801
1062 0.928792
1063 0.92881
1064 0.928792
1065 0.928774
1066 0.92881
1067 0.928774
1068 0.92881
1069 0.928756
1070 0.928774
1071 0.928783
1072 0.928774
1073 0.928801
1074 0.928783
1075 0.928765
1076 0.928747
1077 0.928774
1078 0.928801
