iteration accuracy
0 0.884017
1 0.890955
2 0.896954
3 0.898849
4 0.901005
5 0.904758
6 0.908628
7 0.908782
8 0.912372
9 0.913293
10 0.915864
11 0.909964
12 0.912661
13 0.915701
14 0.917244
15 0.913671
16 0.913103
17 0.912435
18 0.916143
19 0.913419
20 0.914014
21 0.911236
22 0.914177
23 0.914339
24 0.915584
25 0.914276
26 0.913717
27 0.912111
28 0.912183
29 0.914086
30 0.914637
31 0.913103
32 0.91396
33 0.912941
34 0.912697
35 0.914195
36 0.912544
37 0.913924
38 0.914222
39 0.912553
40 0.912859
41 0.91433
42 0.912652
43 0.914456
44 0.914023
45 0.912445
46 0.914411
47 0.912706
48 0.912526
49 0.912634
50 0.913653
51 0.913933
52 0.912435
53 0.912408
54 0.912823
55 0.912598
56 0.912372
57 0.912517
58 0.914222
59 0.913076
60 0.912832
61 0.91451
62 0.91239
63 0.914105
64 0.913861
65 0.912417
66 0.912517
67 0.912652
68 0.912354
69 0.912697
70 0.913987
71 0.91258
72 0.913861
73 0.913762
74 0.913753
75 0.913879
76 0.912787
77 0.913789
78 0.912435
79 0.912598
80 0.912327
81 0.91387
82 0.912174
83 0.912318
84 0.913284
85 0.913951
86 0.91249
87 0.913708
88 0.911894
89 0.914312
90 0.912327
91 0.911993
92 0.913482
93 0.912769
94 0.912571
95 0.913671
96 0.912706
97 0.912426
98 0.913265
99 0.91203
100 0.913626
101 0.912345
102 0.911984
103 0.912463
104 0.912499
105 0.91249
106 0.913753
107 0.911759
108 0.911777
109 0.911714
110 0.914005
111 0.913671
112 0.913771
113 0.912327
114 0.911948
115 0.912048
116 0.912499
117 0.912255
118 0.911678
119 0.91332
120 0.912084
121 0.9135
122 0.912354
123 0.913302
124 0.913518
125 0.912426
126 0.912237
127 0.912048
128 0.912291
129 0.912309
130 0.913554
131 0.912535
132 0.911425
133 0.911813
134 0.912399
135 0.911903
136 0.911696
137 0.913392
138 0.911849
139 0.911921
140 0.912219
141 0.913699
142 0.912372
143 0.911921
144 0.911876
145 0.913789
146 0.912228
147 0.91221
148 0.912165
149 0.911903
150 0.912309
151 0.912048
152 0.912201
153 0.912417
154 0.911488
155 0.912021
156 0.912111
157 0.912002
158 0.912372
159 0.912264
160 0.911542
161 0.91203
162 0.911858
163 0.912291
164 0.913527
165 0.91203
166 0.912318
167 0.911894
168 0.91193
169 0.91166
170 0.912291
171 0.911822
172 0.912345
173 0.912219
174 0.911993
175 0.913482
176 0.913545
177 0.911831
178 0.91322
179 0.912264
180 0.912869
181 0.911804
182 0.913076
183 0.91175
184 0.913238
185 0.911759
186 0.911795
187 0.911903
188 0.912336
189 0.911651
190 0.912138
191 0.911642
192 0.911759
193 0.911849
194 0.912084
195 0.911984
196 0.912084
197 0.912048
198 0.911461
199 0.911786
200 0.913103
201 0.91166
202 0.911624
203 0.911254
204 0.912021
205 0.911975
206 0.911569
207 0.911678
208 0.911984
209 0.912192
210 0.9135
211 0.911578
212 0.911831
213 0.911344
214 0.911975
215 0.911993
216 0.911624
217 0.911813
218 0.91156
219 0.913103
220 0.911768
221 0.91203
222 0.912075
223 0.911849
224 0.911669
225 0.91156
226 0.911777
227 0.911642
228 0.911533
229 0.911876
230 0.911479
231 0.911624
232 0.91341
233 0.911975
234 0.911651
235 0.911488
236 0.912084
237 0.911948
238 0.911903
239 0.913284
240 0.911596
241 0.911542
242 0.911605
243 0.91138
244 0.913338
245 0.91166
246 0.91184
247 0.911353
248 0.911569
249 0.911416
250 0.91156
251 0.911867
252 0.911687
253 0.911957
254 0.911524
255 0.911371
256 0.911642
257 0.911777
258 0.911452
259 0.911858
260 0.91203
261 0.911344
262 0.911299
263 0.911551
264 0.911957
265 0.911786
266 0.911678
267 0.911714
268 0.911885
269 0.911714
270 0.911434
271 0.911416
272 0.911912
273 0.911858
274 0.911705
275 0.911831
276 0.911759
277 0.911714
278 0.911705
279 0.911894
280 0.911813
281 0.911921
282 0.911687
283 0.911948
284 0.911461
285 0.911452
286 0.911398
287 0.911578
288 0.911741
289 0.911939
290 0.911669
291 0.911272
292 0.911551
293 0.911416
294 0.911885
295 0.911344
296 0.911191
297 0.911281
298 0.911831
299 0.911777
300 0.911813
301 0.911642
302 0.911732
303 0.911461
304 0.911425
305 0.911479
306 0.911849
307 0.911434
308 0.91184
309 0.911723
310 0.911371
311 0.911389
312 0.911615
313 0.911669
314 0.911443
315 0.911587
316 0.911624
317 0.9112
318 0.91193
319 0.911669
320 0.911461
321 0.911425
322 0.911894
323 0.911723
324 0.911425
325 0.911849
326 0.911723
327 0.911443
328 0.91147
329 0.911687
330 0.911425
331 0.911732
332 0.911452
333 0.911822
334 0.911479
335 0.911651
336 0.911461
337 0.911317
338 0.911542
339 0.911705
340 0.911605
341 0.911434
342 0.911633
343 0.911245
344 0.911434
345 0.911605
346 0.911209
347 0.911524
348 0.911236
349 0.911299
350 0.911696
351 0.911804
352 0.9112
353 0.911569
354 0.911019
355 0.911272
356 0.911407
357 0.911452
358 0.91147
359 0.911885
360 0.911191
361 0.911353
362 0.911741
363 0.911281
364 0.91156
365 0.911822
366 0.911633
367 0.911209
368 0.911633
369 0.911651
370 0.911461
371 0.911416
372 0.911605
373 0.911723
374 0.911416
375 0.911723
376 0.91129
377 0.911795
378 0.911344
379 0.911795
380 0.911452
381 0.911272
382 0.911389
383 0.911714
384 0.911714
385 0.91129
386 0.911786
387 0.912932
388 0.911371
389 0.911605
390 0.91147
391 0.911651
392 0.911777
393 0.911867
394 0.911831
395 0.911759
396 0.911533
397 0.911371
398 0.911506
399 0.911371
400 0.911461
401 0.911804
402 0.911732
403 0.911723
404 0.911407
405 0.911587
406 0.911272
407 0.911434
408 0.911786
409 0.911678
410 0.911371
411 0.911524
412 0.91138
413 0.911831
414 0.911551
415 0.911254
416 0.911407
417 0.911506
418 0.911299
419 0.911434
420 0.911398
421 0.911398
422 0.911813
423 0.911443
424 0.911533
425 0.911425
426 0.91147
427 0.911678
428 0.91166
429 0.911506
430 0.911407
431 0.911624
432 0.911389
433 0.911443
434 0.911389
435 0.911443
436 0.911723
437 0.91138
438 0.911443
439 0.911714
440 0.911732
441 0.911696
442 0.911732
443 0.911344
444 0.911768
445 0.911705
446 0.911236
447 0.911326
448 0.911615
449 0.911407
450 0.911398
451 0.91193
452 0.911362
453 0.911407
454 0.911227
455 0.911416
456 0.911786
457 0.911822
458 0.911678
459 0.911245
460 0.911326
461 0.911272
462 0.911714
463 0.91175
464 0.911714
465 0.911407
466 0.911371
467 0.911569
468 0.911272
469 0.911389
470 0.911452
471 0.911587
472 0.911182
473 0.911759
474 0.911416
475 0.911416
476 0.911786
477 0.911371
478 0.911696
479 0.911578
480 0.911732
481 0.911443
482 0.911804
483 0.911443
484 0.91138
485 0.911326
486 0.911416
487 0.911389
488 0.911605
489 0.911272
490 0.911236
491 0.911398
492 0.911209
493 0.911182
494 0.911741
495 0.91175
496 0.91138
497 0.91138
498 0.911272
499 0.911551
500 0.911714
501 0.911488
502 0.911407
503 0.911389
504 0.911362
505 0.911443
506 0.911714
507 0.911542
508 0.911407
509 0.91129
510 0.911389
511 0.911696
512 0.911723
513 0.911407
514 0.911732
515 0.911786
516 0.911209
517 0.911687
518 0.911281
519 0.911308
520 0.91138
521 0.911723
522 0.911714
523 0.911407
524 0.911813
525 0.911461
526 0.91175
527 0.911254
528 0.91175
529 0.911678
530 0.911669
531 0.911389
532 0.911714
533 0.911281
534 0.911777
535 0.91147
536 0.911371
537 0.911624
538 0.911308
539 0.911416
540 0.911605
541 0.911326
542 0.911642
543 0.911624
544 0.911714
545 0.911705
546 0.911732
547 0.911407
548 0.911804
549 0.911723
550 0.911389
551 0.911687
552 0.911461
553 0.91138
554 0.911389
555 0.911425
556 0.911335
557 0.911452
558 0.911145
559 0.911317
560 0.911425
561 0.911714
562 0.911759
563 0.911687
564 0.911371
565 0.911362
566 0.911714
567 0.911723
568 0.911434
569 0.91175
570 0.911732
571 0.911398
572 0.911741
573 0.91166
574 0.911804
575 0.911696
576 0.911723
577 0.911723
578 0.911615
579 0.911633
580 0.911353
581 0.911515
582 0.911551
583 0.911425
584 0.91138
585 0.911723
586 0.911344
587 0.91175
588 0.911723
589 0.911732
590 0.911434
591 0.911741
592 0.91175
593 0.911669
594 0.911371
595 0.911407
596 0.911569
597 0.911714
598 0.911434
599 0.911696
600 0.911759
601 0.911308
602 0.911678
603 0.911389
604 0.911182
605 0.911398
606 0.911335
607 0.911714
608 0.911696
609 0.911272
610 0.911335
611 0.911362
612 0.911651
613 0.911407
614 0.911723
615 0.911768
616 0.91138
617 0.911389
618 0.911642
619 0.911624
620 0.911768
621 0.91175
622 0.911416
623 0.911678
624 0.911732
625 0.911362
626 0.911506
627 0.911236
628 0.911678
629 0.911227
630 0.911389
631 0.911353
632 0.911696
633 0.911461
634 0.911723
635 0.9112
636 0.911326
637 0.911398
638 0.911678
639 0.911542
640 0.911723
641 0.911714
642 0.911353
643 0.911705
644 0.911768
645 0.911425
646 0.911353
647 0.911651
648 0.911615
649 0.911759
650 0.911678
651 0.911326
652 0.911687
653 0.911227
654 0.911741
655 0.911615
656 0.911434
657 0.911705
658 0.911741
659 0.911605
660 0.911768
661 0.911389
662 0.911407
663 0.911371
664 0.91138
665 0.9112
666 0.911533
667 0.91138
668 0.911615
669 0.911587
670 0.911353
671 0.911714
672 0.911281
673 0.911335
674 0.911759
675 0.911344
676 0.911651
677 0.911209
678 0.911596
679 0.911272
680 0.911587
681 0.911362
682 0.911795
683 0.911642
684 0.911434
685 0.911687
686 0.911624
687 0.911696
688 0.911669
689 0.911642
690 0.911371
691 0.91138
692 0.911299
693 0.911245
694 0.911642
695 0.911488
696 0.911696
697 0.911434
698 0.911633
699 0.911317
700 0.91166
701 0.911344
702 0.91138
703 0.911669
704 0.911362
705 0.911389
706 0.911353
707 0.911362
708 0.911317
709 0.911353
710 0.911344
711 0.911398
712 0.91156
713 0.911705
714 0.911696
715 0.911669
716 0.91156
717 0.911398
718 0.911362
719 0.911389
720 0.911416
721 0.911362
722 0.911362
723 0.911353
724 0.911669
725 0.91138
726 0.911605
727 0.91138
728 0.91138
729 0.91156
730 0.911335
731 0.911443
732 0.911714
733 0.911299
734 0.911425
735 0.911299
736 0.911362
737 0.911633
738 0.911569
739 0.911741
740 0.911344
741 0.91138
742 0.911191
743 0.911335
744 0.911533
745 0.911705
746 0.911344
747 0.91138
748 0.911696
749 0.911362
750 0.911398
751 0.911714
752 0.911326
753 0.911398
754 0.911317
755 0.911362
756 0.91138
757 0.911281
758 0.911569
759 0.911344
760 0.911651
761 0.911705
762 0.911317
763 0.911371
764 0.91138
765 0.91138
766 0.911335
767 0.911371
768 0.91138
769 0.911344
770 0.911236
771 0.911633
772 0.911407
773 0.911524
774 0.91138
775 0.911678
776 0.911696
777 0.911091
778 0.911344
779 0.911777
780 0.911696
781 0.911344
782 0.911398
783 0.911335
784 0.911353
785 0.911299
786 0.911371
787 0.911389
788 0.911687
789 0.911218
790 0.911624
791 0.911696
792 0.911705
793 0.911732
794 0.911218
795 0.911371
796 0.911362
797 0.911705
798 0.911605
799 0.911669
800 0.91166
801 0.911714
802 0.911326
803 0.911714
804 0.911218
805 0.911344
806 0.91156
807 0.911353
808 0.911191
809 0.911669
810 0.911353
811 0.91138
812 0.911624
813 0.911669
814 0.911596
815 0.911326
816 0.911353
817 0.911344
818 0.911741
819 0.911642
820 0.911714
821 0.911209
822 0.911696
823 0.911182
824 0.911272
825 0.911353
826 0.911678
827 0.911633
828 0.911353
829 0.911678
830 0.911705
831 0.911335
832 0.911362
833 0.911587
834 0.911669
835 0.911533
836 0.911605
837 0.911353
838 0.911191
839 0.911678
840 0.911371
841 0.911642
842 0.911741
843 0.911651
844 0.911696
845 0.911434
846 0.911479
847 0.911299
848 0.911335
849 0.9111
850 0.911723
851 0.911362
852 0.911651
853 0.911587
854 0.911308
855 0.911578
856 0.911344
857 0.911353
858 0.911362
859 0.911678
860 0.911605
861 0.911308
862 0.911335
863 0.911678
864 0.911227
865 0.911696
866 0.911371
867 0.911497
868 0.911497
869 0.911678
870 0.911705
871 0.911371
872 0.911669
873 0.91166
874 0.91138
875 0.911182
876 0.911353
877 0.911353
878 0.911669
879 0.911317
880 0.911732
881 0.911209
882 0.911407
883 0.911696
884 0.911362
885 0.911371
886 0.911353
887 0.911669
888 0.911362
889 0.911714
890 0.911524
891 0.911642
892 0.911551
893 0.911669
894 0.91166
895 0.911281
896 0.911353
897 0.911669
898 0.911488
899 0.91156
900 0.91166
901 0.911362
902 0.911371
903 0.911479
904 0.911335
905 0.911362
906 0.911317
907 0.911163
908 0.911353
909 0.911669
910 0.911678
911 0.911642
912 0.911651
913 0.911678
914 0.911308
915 0.911642
916 0.911651
917 0.911605
918 0.911669
919 0.911227
920 0.911633
921 0.911344
922 0.911705
923 0.911651
924 0.911335
925 0.91166
926 0.911281
927 0.911227
928 0.911633
929 0.911317
930 0.911335
931 0.911353
932 0.911326
933 0.911335
934 0.911362
935 0.911542
936 0.911642
937 0.9112
938 0.91138
939 0.911299
940 0.911533
941 0.911326
942 0.911714
943 0.911696
944 0.911317
945 0.911326
946 0.911371
947 0.911371
948 0.911642
949 0.911542
950 0.911136
951 0.91138
952 0.911172
953 0.911317
954 0.911407
955 0.911308
956 0.911344
957 0.911651
958 0.911227
959 0.911353
960 0.911705
961 0.911326
962 0.911362
963 0.911326
964 0.911669
965 0.911317
966 0.911524
967 0.911696
968 0.911281
969 0.911335
970 0.911299
971 0.911678
972 0.911642
973 0.911696
974 0.911281
975 0.911326
976 0.911353
977 0.911624
978 0.91138
979 0.911596
980 0.911263
981 0.91129
982 0.911669
983 0.911209
984 0.911308
985 0.911615
986 0.911633
987 0.911642
988 0.911344
989 0.911642
990 0.911326
991 0.911308
992 0.911317
993 0.911651
994 0.911678
995 0.911578
996 0.91129
997 0.911299
998 0.911651
999 0.911335
1000 0.911308
1001 0.911371
1002 0.911317
1003 0.911317
1004 0.911678
1005 0.911669
1006 0.911605
1007 0.911344
1008 0.911696
1009 0.911669
1010 0.911615
1011 0.911344
1012 0.911633
1013 0.91166
1014 0.911335
