time objective
11.5384 15680.3
22.6674 15465
31.0961 16488.8
36.5026 16948.4
39.8022 14211.5
44.0279 14157.6
49.4818 14710.5
53.7764 14758.5
57.8382 14407.2
65.1392 14849.3
69.3787 14223.5
74.6948 13084.9
78.0719 13269.6
81.4869 12777.6
85.779 13049.4
93.2905 13712.9
99.8632 13241.6
105.222 12236.5
112.173 13097.2
121.493 12805.6
129.527 12110.6
141.671 12624.4
154.994 12521.3
159.73 12810.7
164.484 11408.8
168.408 13138.1
172.567 11996.8
176.323 11743.1
181.529 11449
187.459 10810.3
192.583 10720.3
197.735 11448.5
202.142 11356.3
207.326 11015.2
212.416 11154.6
217.898 10845.7
221.758 11223.8
225.615 11804.7
229.52 11213.9
234.677 10696.7
239.466 10911
245.099 9765.32
251.444 10792.5
260.137 11019.2
265.815 10997.7
271.481 10822
276.967 10745.5
294.899 10448.6
299.544 10638.6
304.362 9877.79
308.842 10450.6
313.627 9472.9
319.149 10251
323.861 11035.1
332.14 10731.8
340.376 10014.3
350.646 10167
363.149 9750.64
372.37 9153.85
383.762 10265.7
396.773 9698.67
406.844 9048.16
414.095 10054.4
419.178 9968.47
424.196 9536.27
429.781 10437
435.237 9578.23
440.622 9583.15
446.126 10072.7
451.352 9642.23
456.615 9329.11
462.056 9699.54
467.191 9526.24
472.654 9768.54
482.09 10004.9
492.176 9109.12
501.164 9197.54
510.39 9374.36
519.002 9453.98
528.212 8607.92
538.106 9263.23
546.428 9246.04
555.674 8593.43
561.259 9568.15
567.596 9104.24
577.998 10244.3
585.728 9315.09
592.053 9418.25
597.164 8637.6
602.399 8655.87
607.45 9293.01
612.963 8619.21
619.315 8779.9
625.058 9243.83
629.614 9241.03
635.764 8793.05
641.02 9371.97
646.547 8751.3
652.41 8737.33
657.509 9068.46
662.637 8768.79
668.927 8622.18
674.304 9160.59
680.97 9070.25
687.887 9244.18
698.464 8646.97
709.561 8642.37
714.631 8832.02
719.942 9009.87
725.561 9403.71
733.454 8170.12
744.413 8327.88
756.555 8506.5
762.656 8212.33
778.24 8599.22
782.87 8689.26
787.942 8818.36
793.576 8397.4
805.393 8542.49
809.417 8834.17
816.021 8703.36
824.345 8565.88
836.124 8842
841.809 8074.48
847.808 8755.12
852.807 8020.42
857.812 8859.88
868.982 8138.51
874.735 7965.47
880.858 7696.4
886.397 7949.11
891.738 8406.21
897.256 8413.99
902.708 8843.86
911.62 7922.63
920.271 8182.63
927.95 8286.44
933.132 7593.7
937.569 8296.04
942.088 8037.92
945.813 8246.05
954.628 8452.39
964.353 8606.59
969.802 8266.61
978.789 8213.79
987.915 8210.89
994 7939.76
999.167 8171.78
1005.63 8172.68
1010.94 8397.74
1016.38 8128.17
1021.41 8431.42
1027.04 7930.25
1031.43 7909.31
1037.07 8481
1042.76 8483.59
1047.77 8679.34
1052.8 7668.73
1057.48 7933.35
1061.34 8183.52
1065.59 7969.04
1069.66 7963.11
1073.46 8689.65
1078.16 8261.66
1081.91 8172.84
1085.69 8133.64
1098.16 8367.36
1103.28 8012.35
1108.02 7874.21
1112.73 8229.86
1127.77 8463.29
1143.83 7530.45
1148.32 8008.37
1152.05 7464.56
1157.03 8489.13
1161.62 8291.72
1165.79 7998.85
1171.47 7998.71
1176.57 8603.62
1180.77 7925.67
1184.82 7385.01
1191.4 8060.68
1197.47 7872.32
1203.38 7673.16
1209.1 7461.52
1219.45 7841.5
1232.3 7822.35
1236.26 8212.33
1240.09 8201.88
1243.92 8055.28
1247.63 7875.74
1251.32 7968.02
1255.04 7901.86
1259.02 7508.56
1262.72 8067.58
1265.98 7968.03
1270.77 7977.81
1277.34 8462.21
1284.82 8128.49
1292.21 8360.79
1299.2 7820.94
1314.62 8088.92
1326.24 8137.31
1332.37 7362.95
1338.66 7939.71
1353.5 7713.41
1358.32 7867.17
1366.22 7100.48
1373.76 8015.77
1385.5 7559.52
1396 7906
1406.94 7737.42
1412.55 7530.63
1417.65 7927.48
1422.8 8094.66
1427.97 7581.7
1444.66 7770.83
1458.59 7847.34
1475.25 8182.8
1494.4 8262.83
1511.95 7397.47
1530.69 7976.45
1534.01 7342.98
1538.42 7904.26
1554.09 7710.34
1557.41 7681.62
1565.6 7943.65
1569.25 7618.01
1572.78 7744.88
1576.86 7583.69
1586.64 8587.61
1593.77 8072.21
1602.05 7638.42
1609.1 7465.59
1621 7637.95
1629.32 8197.57
1644.28 7386.95
1647.56 7859.13
1650.97 7022.78
1655.85 7698.96
1659.82 7272.46
1663.36 7809.65
1666.56 7497.12
1671.45 7792.03
1676.35 8056.24
1680.15 7916.81
1687.61 7464.82
1694.49 7472.26
1698.98 7578.14
1709.88 7683.63
1716.86 7757.99
1729.94 7523.75
1738.4 8223.37
1747.21 8095.06
1756.31 7973.59
1765.35 7342.34
1774.92 7883.74
1782.65 7577.56
1790.91 7949.32
1798.04 7514.98
1806.17 7744.39
1817.74 7767.26
1821.49 7897.84
1825.41 8006.83
1829.26 7063.99
1833.24 7651.68
1837.73 7754.58
1841.57 7672.84
1845.47 7455.98
1854.41 7038.54
1866.6 7472.83
1879.25 7191.43
1884.82 8015.25
1890.58 7489.5
1899.75 7844.03
1908 7106.95
1919.67 7555.52
1931.41 7244.64
1941.91 6912.32
1947.08 7106.89
1959.9 7227.5
1970.55 7626.47
1978.4 7725.56
1983.82 7857.5
1992.81 7641.26
2001.48 7655.22
2007.09 7487.85
2012.8 7758.39
2020.18 7478.29
2027.79 7180.41
2034.74 7468.93
2042.27 7404.94
2047.9 8066.23
2051.48 7275.4
2055 7248.36
2058.81 7424.44
2066.51 6907.89
2077.81 7186
2087.87 7507.87
2097.37 7238.81
2106.85 7577.6
2111.73 7767.84
2121.47 7362.21
2127.94 7257.68
2136.35 7508.76
2147.31 7700.13
2152.07 7431.86
2158.69 7281.37
2163.53 7528.73
2169.95 7572.04
2176.92 8275.97
2185.68 7639.71
2199.27 7584.01
2210.55 7295.01
2219.52 7497.83
2222.83 7798.73
2226.32 7866.65
2229.87 7506.66
2233.06 7103.56
2236.49 7726.43
2239.82 7390.02
2244.29 7208.08
2249.66 7968.31
2255.17 7306.8
2260.61 7602.41
2265.64 7011.16
2271.39 7043.29
2276.77 7458.25
2282.4 7764.19
2287.61 7588.31
2293.64 7599.59
2298.58 7764.21
2303.54 7164.65
2307.71 7393.77
2312.58 8044.41
2317.33 7429.43
2321.71 7477.75
2326.74 7462.21
2332.14 7546.93
2336.94 6873.07
2341.46 7688.48
2347.3 7372.96
2352.11 7789.44
2356.99 7465.6
2361.22 7081.44
2366.09 7228.35
2370.98 7178.85
2376.71 7866.82
2382.5 7387.03
2388.23 7289.36
2393.78 7502.26
2400.14 7643.99
2406.13 7552.33
2412.63 7415.61
2418.28 7139.63
2423.86 7162.44
2429.46 7578.59
2435.06 7714.14
2447.16 7335.21
2453.18 7289.22
2458.82 7178.2
2467.8 7299.85
2473 7368.42
2478.68 7556.34
2484.4 7857.38
2492.84 7368.31
2500.44 7081.01
2509.77 7655.58
2517.08 7339.67
2524.7 7146.94
2529.57 7680.91
2539.3 7169.69
2547.67 7222.59
2555.15 7460.71
2563.8 7026.85
2571.48 7679.81
2588.24 7530.96
2597.26 7246.21
2602.69 7422.92
2608.21 7615.09
2613.82 7445.94
2619.3 7151.92
2624.53 7136.98
2631.5 7772.14
2636.27 7394.87
2641.72 7621.84
2647.18 7198.91
2652.21 7595.86
2657.41 7676.23
2667.47 7315.46
2675.24 7685.13
2680.33 7625.59
2689.34 7774.16
2696.22 7693.84
2702.4 7490.51
2713.08 7241.31
2719.03 7409.08
2727.13 7276.44
2731.76 6790.73
2739.34 7490.42
2747.4 7661.9
2752.06 7246.67
2757.24 7274
2763.58 7656.21
2771.97 7203.69
2775.9 7093.65
2780.72 7448.77
2790.38 7938.62
2795.65 7410.18
2804.59 7437.54
2810.11 7218.83
2815.36 7255.24
2821.92 7807.92
2828.06 7213.45
2835.83 7449.22
2839.3 7369.5
2844.04 7369.45
2848.7 7276.91
2857.37 7414.66
2865.22 7092.22
2871.21 6971.7
2876.64 7471.23
2882.02 7451.47
2887.4 7440.58
2893.51 7442.44
2899.14 7469.03
2904.03 7362.63
2909.33 7194.72
2914.73 7508.29
2920.25 7058.09
2925.63 7085.11
2931.1 7170.72
2936.53 7195.46
2943.32 7246.71
2950.67 7573.76
2954.5 7536.24
2963.93 6910.24
2974.33 7168.34
2980.25 7293.71
2985.76 7007.09
2996.55 7132.16
3002.11 7401.85
3007.44 7187.16
3012.84 7237.56
3017.94 7622.69
3023.66 7010.77
3029.21 7227.91
3034.24 6955.15
3045.99 6534
3051.51 7072.29
3057.22 7499.73
3061.02 7466.64
3064.84 7471.74
3070.5 7554.12
3076.06 7677.51
3081.41 7340.3
3091.7 7350
3095.68 7263.9
3108.53 7265.63
3119.66 7747.64
3123.62 7372.75
3127.52 7614.79
3131.51 7470.97
3135.33 7295.94
3139.25 7161.25
3143.47 7082.99
3147.46 7585.96
3151.28 6806.37
3155.23 7563.38
3159.17 7090.46
3163.39 7502.58
3167.27 7483.95
3171.21 7341.59
3175 7275.69
3178.98 7488.38
3183.25 7640.39
3187.29 7333.8
3191.13 7732.47
3194.97 7284.33
3203.73 6864.49
3215.17 7224.92
3224.35 7005.27
3230.24 7573.38
3235.9 7398.41
3241.73 6979.85
3247.37 7909.77
3258.92 7076.38
3271.49 7148.03
3280.75 6826.99
3286.02 7019.77
3291.49 7049.46
3297.02 7296.08
3300.42 7708.52
3304.07 7387.01
3307.29 7412.78
3310.81 7264.15
3314.31 7522.22
3317.75 7625.6
3321.15 6802.43
3337.29 7681.41
3345.4 7376.33
3350.43 7122.97
3354.08 6985.19
3357.57 7332.92
3361.18 7467.64
3366.25 7369.53
3371.28 7548.27
3375.21 6955.75
3379.85 6837.02
3384.97 7484.38
3391.47 7423.65
3396.48 7044.71
3401.97 7322.5
3411.45 7423.15
3421.77 7406.12
3428.07 7130.57
3433.67 7814.52
3445.02 7189.86
3456.47 7647.35
3465.93 6228.45
3472.55 7164.69
3479.13 7824.73
3484.09 7427.26
3489.52 7383.74
3495.55 7565.62
3501.27 7121.46
3507.41 7387.73
3513.78 7885.87
3524.64 6998.82
3536.09 7502.58
3543.37 7104.94
3554.16 7265.96
3565.33 7623.89
3579.77 7368.69
3592.17 7291.75
3604.89 7275.16
3615.9 6988.22
3626.94 7490.58
3639.64 7637.48
3651.76 7187.46
3661.99 7000.3
3674.73 7025.99
3686.13 7279.07
3698.81 6945.43
3711.03 7582.97
3721 6965.06
3732.73 7249.16
3738.43 7129.81
3744.25 7079.27
3755.83 7378.35
3765.31 6660.65
3773.61 7143.53
3784.71 7124.68
3789.37 7208.3
3799.1 7196.8
3804.03 7170.13
3808.69 6855.34
3812.58 7311.14
3816.35 6901.49
3822.1 7445.89
3830.91 7341.03
3849.81 7538.72
3861.29 6978.47
3872.86 7121.75
3881.27 7205.58
3888.29 7241.61
3893.13 6848.4
3898.26 7155.56
3904.03 6660.96
3909.21 7434.81
3914.08 7665.12
3918.28 6816.19
3923.25 7180.9
3929.41 7002.41
3934.51 7087.51
3939.61 7153.94
3946.19 7304.08
3954.61 7384.61
3959.83 7123.34
3964.86 6880.16
3970.69 6926.92
3976.36 7543.54
3983.05 7203.9
3994.79 7293.59
4006.83 7630.45
4016.59 7288.49
4030.73 7132.31
4038.2 7441.37
4043.91 7520.92
4053.11 7415.2
4060.47 6810.66
4068.67 6669.82
4077.65 7389.36
4082.24 7092.58
4087.25 7207.46
4098.77 7213.03
4112.21 7686.43
4119.21 7365.48
4125.99 7511.76
4131.45 7214.03
4137.01 7436.68
4142.42 7422.31
4147.19 7707.01
4155.88 6721.2
4165.49 7441.17
4175.54 6673.21
4180.74 7671.33
4185.96 7424.55
4191.47 7288.03
4198.05 6837.35
4203.5 7041.07
4208.72 6838.09
4213.94 7114.28
4219.19 7413.78
4224.48 7370.28
4230.18 7386.23
4236.14 7053.87
4241.62 7205.35
4247.4 7348.09
4253.12 7116.2
4259.05 7538.89
4264.68 7155.22
4270.36 6846.88
4276.29 6728.51
4282.03 6928.22
4294.04 6992.02
4306.52 6830.81
4316.15 7038.47
4328.56 7044.42
4334.56 7222.33
4342.18 7241.28
4349.56 7990.81
4359.02 6743.97
4373.09 7021.88
4379.52 7226.54
4388.34 7312.73
4393.81 7142.91
4399.47 7223.64
4406.39 7712.49
4415.97 7122.49
4430.57 7525.6
4434.96 6873.37
4440.39 7587.57
4445.82 7457.36
4450.98 7260.29
4456.64 7272.16
4461.97 6919.61
4468.77 7104.56
4475.93 7066.52
4481.65 7043.61
4486.8 7342.24
4493.51 6905.84
4498.62 6740.52
4504.02 7213.33
4508.38 7197.37
4513.63 7176.32
4519.68 7729.95
4525.24 7129.87
4530.51 7376.44
4537.11 7032.98
4546.39 6790.25
4555.59 7134.64
4561.66 7283.74
4571.07 7375.3
4589.53 7226.72
4596.81 7204.1
4601.85 6908.84
4606.63 7265.57
4611.87 7168
4621.11 7036.71
4627.78 7392.26
4637.3 6796.5
4642.45 7273.7
4652.6 6797.09
4658.59 7104.2
4676.18 7304.65
4688.34 7261.14
4699.62 6965.2
4710.8 7216.15
4717.18 7374.52
4723.27 7251.15
4735.66 7099.75
4741.73 7184.75
4746.58 6738.59
4751.34 6789.78
4759.46 7048.52
4767.83 7136.09
4772.64 7250.2
4777.02 7088.98
4781.69 7234.5
4786.43 6925.27
4791.24 6817.29
4795.2 7575.22
4799.06 7442.53
4802.84 7243.32
4806.82 6966.57
4810.6 6966.8
4820.71 7092.26
4828.48 6994.12
4834.45 7155.34
4841.73 7498.14
4854.96 6878.74
4864.21 7041.64
4876.67 6925.31
4889.42 6986.17
4901.27 7130.3
4914.22 6977.4
4923.18 6859.41
4930.59 6923.74
4936.5 7056.3
4942.07 6956.81
4953.96 6975.44
4965.17 6788.11
4977.52 6964.69
4989.42 7067.66
5001.42 6490.05
5013.22 6863.91
5025.74 7608.35
5038.54 7088.87
5050.68 7171.07
5062.87 7115.71
5075.42 6752.24
5084.42 7312.05
5102.67 7241.25
5114.27 7156.5
5124.18 7652.73
5132.02 7766.8
5141.35 7385.58
5146.98 7342.24
5152.85 6686.84
5158.65 7252.02
5164.42 7167.15
5169.89 7496.8
5181.91 6912.26
5189.23 6983.9
5194.92 7013.33
5200.57 7086.22
5206.82 7597.47
5212.6 7318.13
5218.28 7209.03
5224.17 6728.16
5229.88 6910.85
5236.57 7269.68
5242.58 7133.34
5247.99 7049.95
5257.99 7100.72
5264.61 6927.84
5275.41 6677.12
5287.42 7364.04
5303.92 7141.64
5318.97 7177.07
5328.82 6861.95
5337.45 7218.9
5342.16 6811.57
5346.89 7396.15
5350.22 7044.11
5353.13 7192.94
5355.96 7309.35
5359.01 6797.12
5363.73 7456.89
5368.36 7061.3
5373.24 7378.56
5377.88 7522.75
5382.5 7244.97
5389.74 7131.88
5394.26 7043.22
5398.84 6860.44
5403.45 7441.66
5408.06 6975.43
5421.28 6798.79
5432.19 7459.25
5443.77 7202.73
5455.34 7263.61
5463.24 7188.03
5474.81 7582.98
5487.07 6914.61
5497.87 7124.55
5509.95 7235.51
5515.78 7098.25
5522.98 7162.91
5535.7 7277.26
5548.32 6840.55
5554.81 6979.49
5561.4 6961.85
5572.61 6980.29
5583.38 6811.99
5596.78 7498.41
5616.71 7010.11
5621.39 7375.97
5626.17 6863.16
5630.78 7244.85
5643.41 6799.44
5651.22 7565.76
5656.13 6810.33
5660.94 6972.37
5665.67 7098.82
5670.63 6976.16
5675.68 7161.4
5680.61 6486.57
5685.82 6666.56
5690.71 7003.69
5707.03 7157.49
5712.3 6934.33
5724.67 7008.64
5737.56 7306.53
5750.83 7129.75
5760.7 6889.93
5764.88 6666.45
5768.32 7259.78
5772.37 6811.04
5778.77 7110.53
5785.34 6942.04
5789.59 7214.84
5793.69 6921.63
5798.01 6826.98
5802.26 7125.09
5809.57 7072.34
5814.53 7622.69
5819.56 7078.61
5824.69 7387.59
5830 7210.78
5834.21 7633.14
5838.63 6849.01
5843.24 7109.34
5849.39 7095.23
5855.66 7364.35
5866.77 6756.87
5872.17 7135.87
5881.19 6963.54
5892.66 7236.86
5907.86 6895.99
5924.8 7284.24
5935.2 7134.19
5946.15 7518.23
5951.88 7215.33
5963.77 6783.03
5975.31 7230.17
5982.13 7185.1
5989.84 6707.9
5999.66 6961.57
6006.85 7211.15
6012.66 6575.49
6024.01 7100.18
6031.68 7000.38
6041.79 7340.56
6050.45 7070.86
6060.43 6905.67
6067.11 6686.69
6073.24 6942.54
6082.83 7212.71
6087.72 7193.13
6102.82 6950.8
6114.53 6850.79
6122.57 7261.71
6126.9 6910.94
6137.32 7230.32
6149.99 7653.4
6154.41 6949.02
6158.54 6955.02
6163.22 7684.69
6167.8 6807.27
6172.71 6866.52
6177.54 7067.16
6180.74 7090.88
6183.83 6910.95
6186.87 7639.78
6191.13 6738
6198.55 7521.99
6205.63 6874.93
6209.76 7393.18
6216.11 7149.15
6227.35 6893.32
6237.75 6979.42
6245.07 7128.02
6258.54 6856.53
6270.95 7247.75
6283.46 7190.99
6291.89 6929.83
6305.79 7604.94
6318.09 7155.66
6331.26 6711.98
6344.82 6979.67
6357.37 7107.6
6371.04 7590.93
6384.18 7218.83
6389.42 7217.92
6393.55 7177.47
6400.29 6939.12
6407.97 6939.09
6414.31 7155.2
6420.42 7202.2
6425.73 7151.9
6431.22 6829.5
6436.7 7054.81
6448.82 7074.25
6454.36 7223.63
6460.16 7185.18
6465.97 6970.29
6471.93 6985.77
6476.93 6850
6482.36 7357.04
6489.16 7191.7
6496 7041.86
6501.09 6710.13
6506.28 7160.3
6511.69 7332.68
6518.05 7101.21
6523.26 7454.93
6528.67 6949.84
6534.05 7224.85
6539.62 6761.15
6544.95 7508.2
6550.44 7384.8
6555.75 7352.26
6561.24 7218.76
6572.38 7062.44
6580.39 7549.3
6591.32 6842.91
6602.43 7173.46
6614.41 7001.89
6620.63 7218.61
6626.39 7641.35
6634.39 7198.18
6642.68 7196.39
6654 6757.31
6658.3 7373.59
6668.8 7212.44
6675.77 7221.36
6682.13 6844.29
6688.43 6999.98
6693.93 7487.98
6699.51 6570.72
6704.9 7428.26
6711.43 6785.28
6717.27 7532.76
6723.48 7349.82
6729.19 6882.63
6735.32 7430.95
6739.87 7144.67
6746.88 6874.08
6753.12 7066.99
6757.83 7350.48
6766.9 7295.25
6778.82 6933.95
6783.92 7068.23
6796.26 6702.05
6807.39 7090.1
6818.87 7085.64
6824.05 6976.96
6829.37 7134.31
6834.17 7118.62
6841.18 6972.46
6844.59 6952.02
6849.25 7137.41
6863.97 6963.65
6872.06 6832.35
6879.47 7052.32
6884.92 7215.93
6891.3 7138
6898.36 6821.25
6905.3 7226.75
6911.12 7120.27
6917.59 6921.85
6925.9 7378.65
6929.35 6722.74
6935.26 6956.78
6947.36 6797.01
6955.85 7121.91
6963.36 7070.41
6969.45 6993.61
6974.54 7071.3
6982.55 6704.33
6989.26 7256.64
6995.73 6894.05
7003.23 7323.23
7006.46 7354.84
7011.86 6915.9
7017.09 7243.04
7022.28 6856.62
7027.47 7480.86
7034.13 7058.64
7039.16 7144.27
7044.91 7054.57
7051.44 6964
7057.16 7204.99
7068.98 7446.58
7079.1 6625.98
7090.61 7127.13
7095.95 6799.59
7101.37 6907.08
7108.94 6671.52
7116.39 7030.57
7123.67 7076.29
7134.46 7018.88
7146.12 7145.2
7155.38 6475.65
7164.36 6578.95
7170.11 6886.08
7175.51 6746.07
7188.29 7221.69
7200.18 6822.8
7212.23 7173.5
7218.93 6853.25
7234.29 7009.64
7253.83 7187.26
7265.31 6844.1
7271.79 6601.81
7277.83 7531.93
7285.9 7037.2
7297.75 6839.12
7302.81 7466.24
7309.57 7071.33
7316.05 6580.45
7323.71 7338.78
7334.92 7101.44
7346.98 7047.25
7360.44 6806.47
7371.81 7037.98
7380.79 7581.09
7388.03 7268.7
7397.81 6890.19
7406.52 7017.56
7414.73 6933.29
7421.67 7013.58
7430.52 6645.77
7441.51 7494.67
7452.25 6947.24
7458.63 7171.69
7464.92 7279.85
7476.44 6959.37
7488.4 7202.87
7494.71 7076.67
7500.11 7248.98
7511.89 6924.7
7519.35 7094.3
7525.49 7209.82
7534.07 6643.05
7543.97 6951.77
7549.38 7310.37
7554.36 7125.53
7560.23 7208.64
7565.58 7590.46
7576.1 7019.51
7583.06 6569.57
7588.3 7311.96
7595.11 7234.87
7608.34 6740.62
7624.76 7285.24
7630.18 7071.91
7640.33 7645.26
7653.27 7220.92
7670.27 6902.39
7687.67 7296.46
7703.9 7006.1
7709.89 6853.63
7715.96 6931
7721.9 6704.37
7727.53 6652.7
7744.27 6881.46
7762.53 6728.17
7780.64 6789.99
7797.6 6701.97
7812.74 6901.8
7831.67 6920.14
7836.97 6622.02
7842 7084.85
7846.98 6668.88
7851.06 6803.6
7856.47 7396.45
7862.47 6578.77
7867.43 7110.54
7875.45 7402.12
7887.54 6989.62
7898.39 7202.86
7910.45 7218.07
7920.44 7279.13
7939.87 7126.01
7945.63 6505.8
7951.27 6979.63
7962.17 7180.61
7975.65 6786.6
7981.06 7188.14
7986.46 6880.29
7992.16 7287.68
7997.64 6662.76
8003.43 7217.65
8014.74 6571.72
8026.88 6898.51
8034.33 6897.74
8041.15 6877.93
8051.92 7079.94
8056.85 6488.85
8061.1 7033.56
8066.13 7138.35
8071 6634.65
8075.93 6994.7
8081.37 6922.19
8099.02 6235.75
8103.99 6932.16
8109.16 6766.22
8114.25 7149.71
8130.81 6772.78
8138.43 7059.91
8150.09 7026.56
8154.51 6875.72
8159.53 7034.62
8164.25 6832.96
8169.23 7356.65
8174.85 7616.47
8179.92 6632.59
8185.33 7612.97
8197.31 7051.34
8201.28 6639.58
8206.05 6860.49
8211.95 6993.91
8230.03 7191.65
8247.44 6955.97
8264.36 7304.46
8272.3 6351.11
8277.29 6810.12
8282.9 6974.95
8289.43 7071.69
8295.15 6946.88
8300.22 6685.04
8305.53 7254.25
8309.49 6876.79
8314.71 7187.45
8321.93 7234.74
8337.42 6908.24
8342.38 6821.73
8348.07 7017.27
8365.58 7384.56
8372.4 7165.2
8378.44 6822.83
8385.55 7136.54
8392.73 7074.87
8401.35 6938.96
8408.3 6615.19
8413.07 6900.12
8420.59 6604.2
8426.21 6509.95
8431.35 7065.06
8437.19 7027.25
8442.89 7148.13
8448.37 7157.19
8453.85 6995.46
8459.43 6788.13
8479.28 7324.19
8486.69 6565.78
8494.32 7231.77
8501.67 6892.69
8508.84 7048.39
8514.36 7139.73
8520.08 6731.11
8525.88 7350.42
8535.7 7007.2
8543.11 6914.33
8548.72 6951.96
8558.52 7207.61
8564.02 6918.41
8568.87 6804.31
8574.49 7130.23
8579.94 7202.66
8585.43 7489.76
8591.1 7102.41
8599.07 6886.34
8611.14 6711.28
8624.54 6830.8
8637.12 7020.5
8647.3 6960.03
8665.11 6840.7
8673.07 6642.23
8690.65 6884.05
8703.67 6999.89
8716.4 6782.23
8729.62 6935.36
8742.42 7136.42
8755.72 6770.05
8770.84 6756.76
8782.06 7124.89
8791.03 6611
8803.45 7293.72
8811.19 7311.67
8814.65 6683.11
8817.91 6902.32
8821.48 7188.19
8825.16 6563.03
8828.48 7264.7
8831.92 7480.28
8835.35 6828.17
8838.98 7150.68
8842.5 7038.79
8846.07 6858.43
8849.45 6788.57
8853 6604.27
8856.31 7059.8
8859.61 7221.44
8863.06 7010.22
8866.62 6897.67
8869.89 7064.24
8873.54 6753.78
8877.05 6782.83
8881.7 7027.71
8886.18 6728.48
8897.16 6919.77
8902.19 6989.88
8908.8 7538.75
8915.42 6878.73
8923.16 7112.72
8928.14 6603.45
8937.27 6967.79
8948.5 7106.05
8960.35 7048.33
8968.24 7238.51
8979.62 7145.23
8989.74 7017.81
9004.63 7020.27
9020.63 7040.23
9028.2 7093.35
9045.74 7185.2
9050.72 6787.48
9056.93 7317.52
9064.13 7039.3
9069.61 6888.95
9075.17 7253.89
9087.21 6539.13
9092.63 7320.95
9097.83 6766.72
9101.41 6919.56
9104.73 6955.26
9107.97 6344.2
9111.63 6745.36
9122.16 7150.72
9133.63 7043.53
9140.04 7012.68
9152.59 6986.82
9165.04 6699.74
9176.16 7055.77
9185.99 6866.82
9199.39 6938.97
9205.06 7094.3
9210.51 6826.56
9216.33 6762.1
9230.67 7068.16
9242.26 6950.32
9251.37 7244.67
9262.63 7321.68
9274.19 6597.83
9285.92 7229.22
9296.38 7274.62
9304.5 7164.93
9316.24 7326.1
9325.32 6897.21
9330.68 6774.97
9335.06 6801.43
9341.01 6936.79
9346.48 6966.2
9351.69 7504.58
9356.89 6696.11
9362.42 7056.42
9380.56 7292.74
9386.05 6689.74
9392.45 7434.81
9398.65 6800.99
9404.37 6740.06
9410.49 7212.27
9416.09 6907.76
9422.02 7196.33
9428.02 7134.42
9445.43 7268.44
9450.63 6881.01
9459.97 6975.74
9467.17 7015.01
9472.74 6513.62
9484.26 6946.58
9493.31 6704.26
9504.5 7180.26
9508.78 7031.25
9515.44 6825.36
9520.49 7201.76
9527.49 7057.3
9534.2 7366.91
9540.63 6964.89
9547.44 7104.71
9552.32 7051
9559.09 7129.06
9565.95 7120.57
9573.32 6709.39
9580.39 7071.14
9585.94 6661.5
9593.65 6833.18
9600.46 6958.35
9606.92 7123.45
9614.08 7066.22
9619.57 7126.98
9626.58 7006.23
9633.48 6984.97
9640.49 7159.59
9647.88 6527.19
9652.07 7496.39
9657.34 6798.62
9662.75 7169.05
9667.66 7026.73
9672.97 6886.2
9678.04 6664.62
9683.12 6621.52
9688.05 6956.77
9693.15 6811.97
9697.63 6657.43
9702.52 7500.48
9718.86 6814.2
9738.87 7097.17
9755.38 6856.99
9772.66 6307.04
9787.89 6937.54
9799.16 7120.1
9805.87 7024.13
9813.1 6929.85
9818.55 7280.91
9824.3 6774.05
9829.47 7056.49
9836.2 7122.91
9846.59 6790.21
9854.43 7253.26
9861.91 7250.49
9870.02 6442.89
9877.79 6623.58
9885.01 6879.23
9891.42 6941.57
9896.3 7028.87
9901.35 6586.74
9905.67 7106.82
9910.43 6533.74
9914.95 6432.02
9919.96 6845.46
9928.34 6641.87
9933.4 6900.16
9938.82 6905.15
9944.11 6793.59
9949.95 7127.95
9955.43 6784.07
9961.32 6881.19
9966.63 6917.9
9972.13 7354.38
9977.87 6967.38
9983.6 7005.9
9989.18 7129.33
10002.8 6660.86
10015.3 7316.54
10036.3 7782.79
10054.8 7213.49
10075.5 6846.3
10093.6 6881.37
10114 6863.49
10133.4 6761.97
10151.4 7026.72
10171.8 7044.89
10191.9 6981.86
10210.1 7224.8
10229.7 6480.01
10241 6873.95
10249.9 7027.62
10260.6 6526.17
10268 7342.35
10281.2 7239.03
10293.8 6745.95
10304.6 7060.3
10316.3 6552.91
10326.6 7521.24
10339.8 7230.74
10352.1 6959.44
10361 7113.34
10372.6 6986.4
10383.7 7111.77
10396.9 7032.62
10408.8 7094.95
10418.2 7022.81
10429.7 7243.92
10441.4 6617.39
10456.9 7135.4
10468.5 6836.45
10477 6814.3
10485.2 6896.24
10495.3 6900.54
10504.5 6730.67
10515.3 7021.72
10524.2 7143.33
10535.8 7219.89
10547.6 6976.32
10563.3 6962.52
10573.7 6957.47
10583.1 6514.69
10594.7 7466.41
10606.3 6661.86
10614.7 7411.94
10624.9 7145.8
10634.2 7054.64
10646.2 6867.77
10653.8 7039.6
10665.4 7118.51
10677.3 7057.7
10686.4 6900.21
10696.4 6777.22
10707.7 7433.79
10715.6 6976.7
10726.4 7042.79
10737.9 6689.84
10751.3 6920.1
10763.3 6837.17
10772.6 6930.4
10784.4 6868.66
10793.2 6938.76
10802.9 6885.11
10811.8 6964.91
10821.3 7413.5
10830.2 7169.74
10839.4 7017.23
10847.5 6840.07
10856.3 6591.3
10864.3 7031.1
10872.4 6949.37
10880.5 7289.16
10889.7 6991.63
10899 7155.63
10908.5 7388.32
10917.3 6859.33
10926.8 7395.48
10935.7 7124.77
10944.8 7180.9
10953.5 7106.07
10962.1 7166.04
10971.4 7153.02
10980.5 6776.53
10988.9 7038.98
10999.7 7183.43
11007.3 6912.49
11018.4 7130.78
11026.5 6966.69
11036.2 6652.78
11046.2 7383.55
11055.8 7118.46
11065.3 6895.31
11074.8 6975.27
11084.5 6851.99
11093.6 7679.44
11101.7 7045.42
11110.8 6427.6
11119.7 7007.79
11130.9 7101.22
11138.7 7160.02
11147.9 6772.41
11158.4 6938.71
11166.5 6700.65
11176.5 6888.65
11186.8 6916.27
11194.7 6609.41
11202.7 7102.52
11210.7 7083.11
11219.3 6958.46
11230.5 6899.36
11236.9 7068.98
11243.7 7520.61
11254.9 7316.75
11266.9 7060.06
11277.9 6262.16
11284.2 7185.04
11292.4 7088.58
11304.6 6975.39
11316.8 6727.33
11322.9 6759.73
11329 6797.91
11341.5 7278.42
11353.8 7073.66
11364 7160.78
11370.2 6882.7
11381.4 6467.12
11392.9 6847.77
11404.5 6742.68
11411.3 7087.53
11418.3 6827.27
11431.1 7189.57
11442.6 7114.97
11449.3 6850.45
11456.1 6708.96
11468.8 6865.77
11481.4 6817.59
11493.4 6983.64
11499.4 7017.28
11507.8 7039
11519.2 6884.27
11532 6973.49
11538.6 6866.42
11545.3 7121.47
11557.1 6788.77
11568.8 6682.03
11578.8 6899.41
11585.5 7392.37
11596.7 6824.33
11609.6 7126.77
11622.1 6880.66
11628.6 6880.88
11633.9 6756.49
11646.6 6748.4
11659 7234.36
11663.9 7280.11
11669.3 7030.88
11674.8 6983.23
11680 6980.97
11687 7109.25
11692.4 6828.95
11697.6 6909.59
11702.9 6772.28
11707.9 7058.76
11713.1 6679.05
11718.5 6938.9
11723.5 6953.12
11729 7045.65
11735.3 6853.18
11740.4 6623.73
11745.6 6944.5
11751.1 7154.42
11756 7075.31
11761.3 6641.66
11766.6 6891.59
11771.8 7280.59
11777 7047.82
11782.2 6927.43
11787.2 7624.21
11792.6 6981.4
11798 6607.93
11803.5 7010.62
11809.4 6338.78
11815.4 7322.46
11821.9 7335.65
11828.4 7098.29
11835 7231.17
11840.1 7057.94
11846.7 7070.75
11853.4 7003.21
11859.5 6712.81
11866 6900.8
11872.8 6957.97
11879.1 6383.43
11885.8 6883.26
11895.9 7070.67
11906.7 6664.14
11915.3 7167.1
11925.8 7403.08
11934.6 7577.06
11945.2 6874.93
11954.8 6793.1
11963.1 6894.2
11972.8 7034
11983.4 6538.23
11996 6535.74
12006.1 6791.56
12012.4 6640.56
12017.8 7007.67
12031.6 7219.47
12043.6 6562.44
12054.8 7205.24
12063 6854.17
12069.1 7110.82
12078.9 6920.92
12087.5 6950.07
12098 7391.76
12109.4 7172.39
12117.8 6523
12127 7274.24
12134.4 6671.04
12144.4 6926.98
12152.7 7097.69
12161.5 7278.55
12169.9 6970.14
12179.5 6944.37
12188.3 7218.57
12197 6920.61
12205.7 6761.74
12212.6 6757.78
12221 7025.77
12229.5 6932.13
12238 6857.83
12248.4 7237.43
12255 6793.38
12262.2 6837.17
12269.4 7404.39
12278.6 6922.86
12285.7 7068.22
12291.8 6689.58
12300.6 6836.93
12308.4 6870.06
12316.9 6921.06
12326 6803.26
12331.9 6715.83
12340.5 6724.51
12347.9 6699.98
12356.2 6547.15
12366.2 6486.03
12372.9 6838.6
12384.4 6786.18
12396 6926.8
12407 6777.33
12415.8 7138.78
12424.1 7001.9
12439.2 6764.05
12450.8 6968.66
12456.3 6523.04
12464.6 6681.85
12476.5 6907.88
12488.7 7220.58
12500.4 7111.36
12510.4 7067.7
12523.5 7147.98
12535.5 7148.45
12547 7382.7
12559.2 7377.17
12571.2 6544.4
12586.9 6799.35
12599.5 6888
12609 6639.19
12621 7321.3
12633.6 6956.29
12645.7 7115.29
12658.8 7077.62
12669.1 7327.04
12682.4 7086.55
12694.4 6808.9
12704.5 6892.12
12715.9 7014.31
12727.4 6494.6
12742.9 6594.57
12754.9 6794.15
12763.3 7024.89
12775.1 6938.16
12787.8 7257.54
12801.2 6773.45
12813.5 6890.59
12823.3 6985.2
12835.1 6917.9
12846.8 7448.98
12860.3 6853.8
12872.5 6862.69
12884 6541.71
12899.3 6634.06
12910.6 6910.53
12921.4 6839.58
12933.8 7213
12945.2 6850.51
12958.9 6993.15
12969.2 6409.51
12974.3 7151.38
12986.2 7144.88
12997.9 7246.59
13009.3 6762.95
13017.8 7051.57
13028 6923.55
13042.4 6965.63
13051.9 6884.86
13056.8 6825.06
13068.7 6933.79
13079.7 6403.29
13091.1 7208.48
13099.3 6711.02
13107.4 7083.98
13119.8 7145.3
13131.8 7007.03
13139.5 6848.52
13151.8 6964.85
13162.4 6790.5
13175.9 6497.99
13183.3 6746.37
13192.3 6750.73
13204.2 7227.89
13215.6 6323.29
13224.5 7163.27
13236.6 7193.96
13245.1 6850.01
13256.5 7320.34
13264.9 7178.74
13279.2 7109.24
13290.5 7144.99
13300.5 6975.42
13309.7 6804.23
13321.8 7135.76
13330.8 7155.44
13342.8 7054.88
13350.1 6975.56
13362 7014.29
13373.8 6667.87
13382.4 7072.56
13394.2 6745.51
13407 7184.04
13420.4 7092.51
13432.4 7195.93
13442.9 7270.49
13455.7 7182.88
13467.8 6980.64
13478.9 6896.44
13490.6 7007.86
13501.8 6949.86
13515.6 7383.85
13527.9 6847.34
13536.8 7014.91
13548.7 6995.8
13561.2 6706.62
13576.1 6993.16
13588.3 7008.05
13598.8 6691.78
13611.8 7305.34
13622.2 6867.05
13629.5 6948.03
13638.8 7448.18
13646.9 7002.16
13658.3 7758.37
13668.1 6831.08
13673.9 6916.74
13682.3 7456.74
13692.9 6762.64
13702.3 6397.97
13711.8 6848.8
13718.8 6908.05
13732.8 6857.22
13744.4 6884.37
13756 6960.84
13764.9 6745.79
13773.4 6735.75
13783.8 6928.73
13794.4 7168.63
13800.5 6772.36
13809.3 6515.84
13818.1 6660.06
13825.8 6952.96
13833.9 6898.24
13841.7 6950.73
13850.1 6850.72
13858.4 6625.02
13866.4 6973.6
13874.5 6635.57
13881.4 7078.06
13889.2 7133.74
13898.2 6944.45
13904.9 7131.32
13912.9 6378.9
13920.1 6678.21
13928 6742.54
13935.7 6789.93
13946.4 7377.17
13956.3 6630.41
13964.6 6791.01
13971.3 7007.3
13980.5 6522.26
13988.8 7194.22
13997.6 6546.75
14004.2 6948.91
14012.9 6788.84
14022.4 6679.33
14031.9 6491.61
14040.1 7401.96
14047.2 6873.94
14055.2 7107.41
14063.3 6660.55
14072.4 7065.48
14079.8 6477.17
14087.7 6416.36
14094.9 6655.66
14103.5 7171.48
14114.1 7265.78
14120.8 6614.01
14129.7 6642.32
14136.9 6887.18
14147 7323.12
14155.6 7121.64
14163.7 7210.87
14172.4 6855.83
14181.7 7003.7
14190.1 7123.79
14197.5 6731.42
14205.6 7343.2
14214.8 7102.92
14223 6883.47
14232.3 6745.28
14238.8 6819.42
14247.8 6975.3
14257.9 7076.34
14264.5 7042.87
14272.8 7250.9
14282.2 7007.97
14291.2 6748.32
14300.5 6619.87
14309 6780.44
14318.7 6888.71
14327.2 6986.26
14334 6955.65
14341.6 6645.38
14350.1 6794.94
14361.4 7134.72
14368.4 6837.07
14375.9 6971.16
14386.3 7419.38
14395.8 7081.88
14403.1 6809.48
14409.6 6867.52
14414.9 7067.85
14423.8 7107.94
14432.8 6929.68
14444.2 7061.91
14452.6 7339.81
14460.2 6414.73
14470.6 6953.52
14478.2 6867.35
14485.3 6696.29
14489.9 6740.14
14495.3 7037.73
14501.3 6994.89
14505.6 6722.89
14511.6 6831.76
14516.5 6717.18
14521.5 6426.62
14527 6932.37
14532.1 7313.14
14537.3 6756.49
14542.6 6984.42
14548.6 6324.37
14554.1 6887.27
14559.9 7544.15
14565.5 6914.77
14572 7144.64
14577.3 7045.68
14582.1 7189.64
14587.5 7197.82
14593.9 7087.17
14598.8 6496.59
14604.4 6645.85
14611.6 6550.61
14620.9 6695.66
14625.9 6588.85
14634.8 7118.37
14640.4 7021.14
14644.9 6134.38
14651 7203.27
14656.1 6285.66
14661.9 6672.23
14667 6841.16
14672.3 7103.68
14678.4 7356.98
14683 7186.77
14687.7 7346.89
14695.9 6790.01
14705.9 7010.41
14714.4 6916.02
14725.7 6799.27
14734.7 6862.93
14741.3 6976.7
14750.6 6946.87
14758.6 6624.07
14767.5 6851.19
14776.1 7085.09
14784.1 6868.05
14793.5 6827.79
14799.8 6244.47
14805.1 7363.98
14815.1 6928.88
14824.9 6729.07
14833.7 6683.27
14839.3 6929.89
14844.2 7306.44
14854.3 6995.38
14864.5 6983.93
14870.9 7333.77
14876.1 7064.29
14881.6 6926.58
14889.1 6799.82
14896.1 7090.25
14902.4 6926.85
14907.8 7108.85
14912 6721.48
14916.2 6925.86
14923 6974.77
14931.1 6858.54
14939.3 6457.27
14945.3 6807.13
14950 7086.5
14955.7 6820.38
14963 6898.22
14969.8 7169.46
14976.7 6663.26
14983.2 7128.97
14987.6 6628.15
14992.4 7180.48
15002.2 6964.38
15008.8 6927.3
15016.8 6543.72
15023.4 6755.28
15030.2 7008.58
15038.4 6971.94
15046.4 7068.26
15053.8 7167
15061.9 6583.07
15069 6776.62
15075.2 7090.3
15084.9 6515.06
15094.6 6658.5
15106 7080.42
15121.3 6786.33
15133.2 6527.37
15143.2 6835.59
15154.3 7163.32
15162 6950.95
15171.5 6501.82
15181.1 6551.63
15193 6995.95
15202.3 7309.18
15208 6736.22
15217.2 6370.32
15225 6466.75
15233.1 6616.43
15241.2 6831.56
15249.2 6900.86
15257.3 7159.95
15265.1 7056.21
15273 6554.07
15281.3 6771.14
15289.2 6483.18
15297.5 6773.59
15305.4 6926.26
15313.8 6761.02
15322.1 6810.18
15330 6582.65
15338.1 7054.83
15345.9 7160.12
15354.3 7137.31
15362.4 6580.5
15370.3 6546.48
15378.3 6508.6
15389.1 6777.36
15402.1 7030.87
15414.7 6742.23
15426.9 7081.49
15436 6911.59
15441.8 6809.27
15449.5 6808.88
15457.1 7288.03
15466.8 6978.28
15474.9 6989.65
15482.4 6899.61
15490.4 6816.53
15496.1 6848.38
15504.4 7026.39
15511.9 6432.72
15522.5 7053.21
15530.7 6877.22
15536.1 7185.08
15543.8 6762.57
15551.8 6794.76
15560.5 7141.42
15569.5 6818.95
15579.8 6984.05
15588 6661.79
15593.4 6924.68
15602 6665.79
15608.8 7185.98
15618.1 6582.86
15626.3 6854.28
15635.6 7060.74
15644.4 6414.4
15650.6 6720.18
15658.5 6853.67
15665.9 6846.14
15676 6944.41
15684.2 6940.58
15691.2 7005.06
15699.7 7270.92
15706 6859.3
15714.1 7030.55
15722.3 6705.77
15732 6661.34
15740.9 6585.77
15747.3 6925.46
15754.8 6682.1
15763.6 7001.94
15773.2 6979.49
15780.5 6640.19
15787.4 6323.16
15803 6767.21
15811.8 6518.69
15820.2 6830.67
15828.2 7366.72
15835.8 6957.4
15845.3 7176.57
15852.5 6788.59
15861.2 7296.22
15868 6960.78
15875.4 6678.37
15881.6 6813.54
15888.6 6975.14
15897.5 7067.26
15905.4 6842.77
15912.9 6598.41
15920.6 7209.72
15927.7 7004.37
15941 6600.68
15952.7 6987.44
15961.8 6478.09
15974.4 6734.69
15985.1 7107.8
15995.1 7230.14
16007 6805.62
16019.1 6948.25
16031.4 7268.1
16043.7 6927.53
16050.3 7272.56
16058.3 7067.7
16065.2 7382.89
16072.3 6953.76
16078.9 6918.07
16086.1 6797.12
16094.6 6959.59
16101.7 6705.41
16112.2 7083.51
16119.5 6885.76
16127.6 6941.15
16134.7 6876.8
16142.5 7277.98
16150.5 6276.31
16157.4 6598.64
16164.4 7120.92
16172 7191.35
16179.4 7262.33
16186.9 6863.67
16194.9 6705.15
16202.5 7035.61
16210 7076.45
16217.4 6920.33
16224.2 7037.69
16232.5 6897.31
16241.1 7090.37
16249.3 7185.05
16257.8 6638.69
16265.8 6938.3
16273.9 6753.07
16282.7 6976.01
16290.7 7132.81
16298.5 7068.17
16305.9 6637.58
16313.7 6817.61
16320.7 7052.43
16328.5 6777.33
16335.8 6851.75
16341.3 7309.71
16350 6601.62
16355.7 7186.87
16363.4 6804.08
16370.3 7210.92
16377.5 7093.37
16387.7 6636.77
16401.1 7003.64
16416.1 6779.15
16434.9 6672.18
16453.3 7067.57
16471.5 7103.89
16490.5 6930.58
16509 6766.12
16528.8 7012.04
16547.1 7144.89
16562.1 6884.14
16578.7 6891.27
16596.5 7160.07
16616.2 7275.17
16636.3 6648.65
16654.4 6743.26
16673.9 7129.64
16690.6 6873.23
16706.3 6632.53
16725.2 6842.45
16746.2 7354.56
16763.6 7076.75
16784 7186.27
16802 6532.34
16822.2 6846.6
16842.6 6888.46
16859.1 6676.35
16877.4 6823.94
16895.7 6888.33
16911.9 7167.68
16933.3 7005.05
16950.9 6842.28
16960.8 7226.32
16967.6 6913.93
16975.4 6980.61
16982.8 6909.2
16990 6833.95
16997.5 6885.87
17004.9 6446.64
17013.4 6557.35
17019.4 6628.78
17028.8 6899.24
17034.3 6687.77
17043 6759.38
17049 6912.52
17059.2 6437.22
17072.7 7086.46
17084.3 7199.3
17101.1 6955.27
17119.6 7096.11
17136.4 7143.75
17154.5 6756.59
17174.6 7167.27
17192.4 7091.86
17211.1 6854.22
17228.5 6534.39
17247.6 6402.28
17265.8 6838.28
17281.2 6659.98
17301.7 7017.4
17321.3 7107.04
17336.3 7080.64
17356.2 6790.81
17363 6826.18
17375.4 6787.79
17387 6805.64
17393.6 6841.01
17402.2 6788.4
17414.8 6849.92
17421.2 7006.29
17427.9 6491.24
17439.6 7022.75
17451.6 7010.66
17458.5 6910.81
17467 6961.31
17478.6 6948.01
17485.4 7193.68
17491.9 7022.05
17503 7091.34
17515.6 7032.34
17522 6818.69
17528.7 6853.53
17541.2 6399.94
17552.4 6955.74
17568.1 6814.59
17579.6 7277.16
17587.9 6832.95
17599.9 6961.63
17609.4 7072.84
17620.8 7210.73
17632.3 6819.57
17647.7 6557.58
17659.5 6775.99
17668.6 7400.46
17679.4 6805.02
17691.2 6472.69
17697.6 6501.84
17707.2 7052.78
17720.9 6944.37
17732.9 6466.16
17741.5 6526.51
17753 6691.34
17764.8 7281.16
17775.5 6667.94
17787.1 7159.15
17797.8 6825.57
17812.2 6741.42
17823.6 6902.28
17841.7 6832.58
17857.2 6955.95
17864 7076.16
17872.3 6813.05
17882.9 7209.45
17891.6 6809.27
17898.8 6810.98
17908.6 6965.02
17916.1 7124.3
17925 7001.69
17933.3 6925.85
17940.2 6704.26
17947.3 7058.67
17960 7021.07
17966.9 7187.58
17972.8 6829.91
17978 6774.99
17988.3 6828.83
17998.9 6982.88
18011.7 6955.34
18018.3 6967.52
18025.2 6855.82
18034.1 7554.7
18044.8 6942.3
18050.1 6792.88
18054.5 7201.23
18067.4 6915.41
18073.6 7205.37
18083.9 6890.96
18103.2 6585.41
18112.3 6979.5
18124.2 7007.95
18133.5 6985.12
18144.7 6622.08
18156 6462.46
18170.3 6989.77
18181.3 7049.84
18189.8 6875.83
18199.4 6961.62
18209.8 6792.52
18219.9 7299.24
18230.8 6999.28
18246.8 6878.45
18257.9 6813.69
18267.6 6866.32
18279.7 6998.82
18291.1 6920.43
18304.5 6785.37
18315.2 6787.06
18326.2 6890.26
18338.3 6882.58
18347.7 7156.43
18359.1 7174.24
18370.9 6651.52
18383 7009.05
18394.7 6781.33
18404.2 6673.62
18414.4 6814.72
18424.2 7184.34
18429.3 7317.93
18434.7 6691.75
18439.6 6488.74
18444.7 6698.79
18450 6901.06
18455.1 6703.95
18460.1 7216.25
18465.3 6447.54
18470.6 6696.18
18477 6645.06
18483.8 7068.82
18494 7218.73
18500.8 7431.42
18507 6807.13
18518.7 6986.78
18525.2 6723.74
18531.9 6961.42
18538.4 6684.1
18545.3 6747.5
18554 7176.05
18562.1 6759.86
18570.6 7386.4
18578.7 6783.35
18588.3 6745.92
18597.7 6810.06
18603.1 7434.87
18609.4 6586.23
18618 6933.8
18624 6599.24
18632.3 6739.19
18640.8 6704.43
18647.4 6892.94
18654.2 6760.43
18662 7294.62
18669.1 6555.17
18677.8 6935.27
18684.6 6937.08
18696.4 6835.94
18703.2 6690.86
18716.4 7045.08
18722.8 7173.06
18733.7 6785.62
18740.3 6785.76
18751.2 7034.02
18757.9 6539.51
18765.4 6794.7
18771.6 7109.15
18778 7089.26
18786.1 6707.69
18792.7 7185.51
18805.1 6656.25
18811.7 7180.54
18819.7 6949.57
18828.2 6742.99
18835 6954.45
18842.6 7076.92
18851.2 7228.49
18857.8 6752.62
18864.9 6796.29
18875.8 6768.14
18885 7041.52
18891.7 7121.22
18905.9 7055.87
18916.9 6853.65
18928.9 6692.28
18939.9 7260.34
18948.8 7134.45
18960.5 7111.46
18971.3 6813.16
18984.5 6799.14
18996.2 6854.76
19007.7 6794.13
19019.1 7141.37
19027.2 7187.86
19038.5 7180.93
19050.4 6871.07
19064.2 6946.39
19075.1 6553.85
19086.8 6921.59
19098.2 6908.51
19106.6 7339.87
19118 7553.46
19129.5 7196.67
19143.2 6650.54
19153.9 6914.76
19165.8 7220
19177.5 6913.82
19186.1 6460.96
19197 6851.62
19208 6353.38
19221.8 6809.93
19232.9 6939.52
19244.1 7052.67
19255 7546.29
19262.7 6796.98
19273.6 6801
19283.4 6848.94
19296.2 7256.8
19308.1 7134.44
19320.3 6916.5
19332 6880.04
19340.6 6594.18
19352.3 6848.47
19363.1 6466.15
19376.8 6891.66
19387.5 7101.2
19399.7 6825.48
19409.7 7234.15
19417.1 6918.15
19428.3 6677.51
19439.2 6763.77
19451.3 6676.88
19462.8 6941.72
19474.6 6667.73
19486 7213.85
19492.9 7275.58
19504.2 6860.91
19513.7 7235.14
19525.7 7125.06
19536.2 7288.23
19549.4 7037.9
19560.2 6752.32
19568.6 7423.63
19579.3 7315.64
19590.2 7106.56
19601 7151.02
19612.9 6792.49
19624.9 6625.63
19636.5 7097.35
19644.7 6691.48
19656.6 6547.6
19666.5 6574.52
19677.3 7000.68
19687.9 7008.49
19700.5 7176.9
19712 6742.3
19720.4 6999.14
19731.1 6901.15
19741.7 7134.33
19754.3 6677.34
19765.8 7113.6
19777.9 6651.54
19783.3 6955.61
19788.8 7158.74
19794.5 7433.12
19799.7 6743.42
19808.6 6609.78
19816 6720.73
19822.9 6784.99
19830.9 7241.09
19840.7 6663.74
19847 6475.66
19854.4 7527.86
19862.5 6647.42
19870.2 6704.2
19878.3 6989.5
19884.7 6731.28
19895.1 7323.54
19901.1 6976.49
19907.4 6835.65
19914.1 7105.03
19920.4 6943.71
19926.5 6936.39
19932.9 6845.8
19938.4 7039.15
19945.1 6755.14
19951.1 7024.94
19960.1 6936.47
19966.6 6579.04
19974.7 7127.08
19981.2 7107.93
19993.6 7115.9
20000.1 6509.63
20007.4 6976.08
20014 6769.25
20020.6 6668.37
20029.3 7030.54
20035.5 6613.6
20041.5 7144.75
20051.2 6878.17
20059.1 6691.49
20064.8 6749.28
20071.1 6613.28
20079.6 7126.24
20089.8 6615.08
20097.2 6833.65
20104.1 6590.08
20110.4 7278.01
20116.7 6748.5
20124.9 7094.09
20132.9 7278.3
20140.7 7128.93
20147.3 7152.89
20156.3 6649.45
20163.2 6984.82
20168.7 7068.27
20176.6 6811.64
20182.9 6672.19
20191.4 6731.6
20197.7 6939.25
20203.5 6990.86
20210.7 7088.52
20217 6746.16
20222.3 7040.84
20228.8 6797.68
20235.2 7108.89
20241.6 6804.86
20246.9 7173.66
20252.4 6663.64
20258.2 6822
20264 6815.88
20269.7 6510.32
20275.4 6966.76
20280.9 7085.94
20286.6 6972.46
20292.4 7286.08
20298.4 6523.9
20304.1 7002.21
20309.9 6991.99
20315.2 6727.35
20320.7 6977.87
20326.1 6851.09
20332.1 6793.86
20337.6 6772.79
20343.2 7126.83
20348.5 6849.48
20354.2 7166.11
20359.7 6504.26
20365.2 7025.04
20370.7 6939.57
20376.3 6775.35
20381.9 6868.55
20387.6 6923.42
20393.1 6856.54
20398.5 7089.53
20404.1 6619.57
20409.8 7170.2
20415.4 6804.62
20421.1 6871.76
20426.7 7043.59
20432.5 6878.49
20438.1 7127.01
20443.7 6611.69
20449.6 6857.75
20454.8 6442.13
20460.7 7473.87
20466.6 6812.97
20472.6 6946.26
20478.4 7224.97
20484.2 6915.24
20489.9 6922.46
20495.6 6905.79
20500.7 6876.61
20506.1 6986.8
20511.8 6838.16
20517.3 6890.47
20522.9 6904.46
20528.3 6782.92
20533.9 7364.29
20539.5 6861.34
20545 7179.96
20550.5 6877.63
20556.2 7136.07
20562 7090.41
20567.5 6930.45
20573.2 7120.19
20578.6 6862.2
20584.3 7214.63
20589.6 6711.34
20594.7 6915.45
20600.2 7001.26
20605.6 6770.9
20611.5 7118.27
20617.1 6836.83
20622.6 6688.91
20627.9 7069.19
20633.7 7035.63
20638.8 6776.98
20644.1 7033.84
20649.7 6979.27
20655.5 6663.71
20660.8 6470.8
20666.3 6729.8
20671.9 7778.34
20677.5 7349.73
20682.6 7003.15
20687.8 6721.11
20693.5 7360.71
20699.3 7162.9
20704.3 6934.58
20710 6674.84
20715.6 6826.68
20721.1 6823.58
20726.8 6834.13
20732.4 6721.06
20737.9 6564.98
20743.5 6873.64
20749.1 7176.7
20754.7 7010.38
20760.3 6928.74
20765.8 6313.64
20771.4 6857.26
20776.7 6862.92
20782.1 6590.66
20787.3 6999.07
20792.9 6994.87
20798.2 6497.71
20803.8 6773.76
20809.4 6726.07
20815.1 6674.47
20820.6 6756.9
20826 6994.98
20831.5 6861.08
20836.8 7096.12
20842.3 7259.82
20848 6933.91
20853.5 6970.31
20859.1 6362.62
20864.7 7244.77
20870.3 6752.94
20875.7 7070.54
20881.3 6826.64
20886.7 6748.75
20892.3 6634.41
20897.7 6640.84
20903 7029.14
20908.6 7326.25
20914 6513.49
20919.3 7051.13
20924.8 6980.33
20930.7 6500.51
20935.9 7181.86
20941.5 6765.3
20947 6506.84
20952.9 6739.49
20958.1 7095.84
20963.8 7096.98
20969.3 6887.86
20974.8 6733.74
20980.3 6722.72
20986.1 6458.06
20991.9 6708.45
20997.5 7362.34
21002.9 6952.34
21008.3 6599.17
21014 6792.85
21020 6670.55
21025.5 6575.99
21030.9 7205.69
21036.4 7120.5
21042.3 6876.79
21048 6749.84
21053 6956.14
21058.5 6901.07
21064.3 7043.06
21070.1 6530.66
21076.7 6675.37
21084.9 7178.43
21095.3 7087.63
21104.1 7006.82
21112 6780.16
21118 6744.34
21125.5 7075.87
21133.7 7003.27
21140.7 6682.63
21147.1 7040.05
21157.4 6664.92
21164.4 7230.73
21174.4 6742.34
21181.1 6695.75
21190.2 7148.89
21197 6870.16
21204.8 6973.9
21211.4 6702.71
21218.3 6818.69
21226.3 7225.55
21232.5 7330.87
21244.3 7335.46
21251 6793.59
21262.7 6345.96
21269.5 6728.09
21275.6 7240.57
21288 6439.39
21294.7 7145.32
21302 7085.72
21312.7 6357.82
21320.3 6777.92
21326.5 6622.79
21333.3 7358.7
21342.6 6949.11
21353.6 6889.22
21362.2 6824.33
21368.9 6293.17
21375.8 6670.97
21382.2 6681.04
21389.6 6739.06
21398.6 7034.41
21406.7 6759.85
21413.8 7023.71
21423 7020.9
21429.6 6870.17
21437.8 6920.81
21445.6 6671.13
21453.7 7154.92
21460.5 7004.36
21469.7 6824.56
21476.5 6700.47
21486.1 7267.02
21492.7 6813.18
21503.1 6805.26
21509.8 6557.78
21521 6882.84
21526.9 7041.08
21540.3 7008.72
21546.9 7094.6
21556.3 6544.42
21563.3 6446.31
21569.8 7179.33
21578.8 7353.23
21585.3 6804.43
21595.1 6986.24
21602.4 7182.54
21609.2 6773.49
21621.3 6610.65
21628.5 6943.78
21635.1 6800.62
21643 7015.7
21654.4 6572.61
21662.1 6672.5
21669.3 7162.64
21675 6982.07
21681.8 6482.09
21689.4 6884.96
21696.4 7344.08
21703.3 7164.29
21709.9 6694.72
21716.5 7325.55
21726.1 6867.01
21733.7 6564.11
21743.1 6871.38
21749.7 6838.07
21758.6 6853.7
21766.4 6740.22
21772.1 6888.95
21779.1 6648.27
21790.8 7265.62
21797.6 6352.83
21809.9 6653.82
21816.2 6708.62
21828.6 6789.49
21835.1 7153.44
21842.8 6526.42
21849.6 6789.1
21856.6 6847.32
21867.7 6627.39
21874.4 7080.09
21887.3 6725.05
21893.8 6775.28
21899.9 6996.64
21908.6 6715.17
21915.1 6518.36
21926.2 6772.89
21934.2 6563.62
21941.1 6832.15
21950.8 6659.13
21959.6 6944.12
21965.6 6673.91
21972.3 6366.01
21983.3 6931.31
21993.2 6696.25
22001 6849.5
22007.3 6916.74
22014.1 7043.9
22021.3 7589.77
22029.6 6933.77
22038.3 7317.72
22047.2 7073.95
22053.8 6530.72
22062.8 6380.85
22070.1 6560.66
22079.4 6448.55
22087.8 6584.12
22095.9 6792.06
22103.3 6786.84
22109.1 6772.88
22114.8 6762.4
22120.6 6598.25
22126 7064.14
22131.2 7087.32
22136.3 7072.34
22141.5 6881.37
22147.4 7252.5
22153.1 6980.12
22158.7 7078.59
22164.5 6794.78
22169.9 6681.19
22175.7 6802.55
22181.3 6672.44
22186.9 6423.16
22192.6 7471.55
22197.9 6584.18
22203.2 7314.38
22208.5 6663.45
22214.2 7185.06
22220.1 6927.91
22225.8 6582.03
22231.4 6988.89
22243 6594.33
22254.7 6680.34
22264.1 7399.45
22275.4 7097.11
22287.5 6568.43
22302.9 6531.38
22313.7 7076.31
22325 7318.05
22337.2 6871.06
22346.8 6997.73
22359.7 6924.45
22371.6 6994.07
22384.6 7063.68
22396.3 7131.08
22406.7 6918.68
22418 7008.08
22427.2 6805.07
22437.8 7108.06
22449.5 7200.9
22465.4 7003.81
22477.1 6747.63
22488.5 6657.69
22499.9 6969.62
22510.7 6880.05
22522.1 6790.12
22533.4 6887.93
22549.2 6843.67
22561.8 6513.95
22570.5 6889.4
22582.2 7086.22
22591.6 6431.39
22602.7 6538.33
22614.3 6735.49
22628 6667.27
22631.2 7267.79
22635.5 6597.82
22640.9 6767.58
22646.3 6660.08
22650.6 6941.23
22654.4 7115.63
22659.2 6987.89
22664.5 7113.21
22668.7 7025.02
22676.7 6793.89
22681.4 6606.97
22685.9 7203.76
22691.5 7046.83
22698 6906.15
22703.1 7068.74
22711 6823.54
22718 7020.54
22727.2 7169.26
22734.9 7097.57
22742.8 6446.71
22752.7 7050.16
22760.6 6812.91
22768.1 7537.27
22776.4 6722.05
22787.5 6565.75
22795.2 6941.07
22803 6777.3
22810.9 7114.86
22818.6 6577.64
22826.3 6751.28
22836.8 7003.28
22847.1 6888.56
22856.8 7004.28
22865.5 6612.02
22874.2 6836.14
22881.2 6673.05
22888.9 6692.67
22897.8 6950.85
22905.2 7032.48
22913.3 6676.36
22922.4 6838.25
22931 6863.2
22939.7 6556.62
22948 7081.89
22955.7 7025.17
22966.1 6867.15
22973.6 6993.22
22981.3 7389.81
22993 7190.08
23001.1 6727.35
23008.6 7201.86
23019.2 6805.22
23026.2 7306.4
23033.5 7000.57
23044.4 7099.5
23051.7 6328.16
23059 6661.88
23067 6243.47
23077.9 7078.91
23085.7 6918.02
23093.4 6862.24
23100.6 6797.91
23107.9 7186.26
23115.3 6794.88
23122.9 7043.17
23130.5 7422.85
23137.8 6906.91
23146.3 6712.51
23154.8 6672.91
23162.2 7005.83
23171.2 7103.43
23179.5 7099.64
23188.2 6495.75
23196.9 6922.29
23205 6823.95
23212.5 7071.93
23220 6908.55
23226.8 6810.02
23236.8 6819.01
23244.4 6516.5
23253.7 6783.03
23261.8 7060.46
23269 6367.9
23279.4 6750.52
23287.3 6682.1
23294.4 7001.38
23303.7 6068.24
23313.5 7024.14
23321.2 6851.26
23328.7 6796.45
23337.1 6704.05
23347.5 6576.05
23358 6641.68
23367.3 6687.23
23376.7 7174.3
23385.2 6920.38
23394.3 6898.96
23403.3 6777.1
23412.1 6894.71
23419.7 6719.62
23427.3 6795.15
23434.6 6795.64
23443 6954.76
23451.4 7084.72
23460.4 6832.95
23469.3 6721.92
23477.1 7105.35
23484.5 7055.15
23495.3 6620.51
23502.4 7210.88
23512.9 6677.58
23524.9 7192.49
23533.4 7153.77
23543.6 6706.4
23554.8 6907.37
23565.3 6903.22
23576 6769.48
23585.1 6884.22
23595.5 7143.66
23604.8 6762.96
23612.9 6912.2
23621.8 6530.34
23629.7 6950.27
23638 6318.19
23646.7 6677.01
23655.7 6630.69
23664.6 6969.58
23672.7 6775.39
23684 7259.71
23695.4 6889.13
23707.2 6452.37
23718 6960.95
23728 6656.28
23738.5 6849.1
23747.7 6685.96
23757.9 6592.38
23769 6623.99
23778.7 7015.58
23790 7114.11
23798 6792.16
23805.8 7201.5
23817.8 6528.26
23829.8 6925.04
23842.8 6930.19
23855 7238.93
23866.3 6530.12
23878.9 6784.17
23891.3 7021.71
23902.8 7124.4
23913.8 6799.48
23926 6560.99
23938.4 6828.21
23950.4 6472.39
23961.4 6997.14
23973.4 7182.96
23984.7 6937.99
23995.9 6540.99
24003.5 7071.31
24008.8 6686.87
24014.9 6900.19
24021.2 6983.86
24027.7 6760.47
24034 6618.69
24040.3 7638.13
24046.4 6453.21
24052.9 6400.57
24058.3 7076.25
24063.4 6455.23
24069.2 7413.03
24075.1 7081.21
24081.5 6515.21
24087.3 7146.34
24093 6858.86
24098.5 7050.11
24103.9 6953.86
24109.5 6960.51
24115.4 6267.54
24121.7 6857.08
24127.6 6670.76
24133.5 6541.92
24139.5 6840.46
24145.6 6659.43
24151.7 6547.07
24157.9 7062.86
24164.1 6627.39
24170 6651.14
24175.7 6440.25
24181.8 6805.48
24187.6 7051.88
24193.9 6665.54
24200 6748.24
24206.3 7092.31
24212.2 6677.36
24218.3 6872.08
24224.1 6713.24
24230.3 6868.1
24236.2 6875.01
24242.4 7112.11
24248.3 7025.1
24254.3 7070.72
24260.2 6684.31
24266 6788.61
24272.2 7066.8
24278.3 6631.23
24284.3 7099.07
24290.1 7034.84
24296.2 7037.59
24302.4 6392.05
24308.3 7225.58
24314.4 6732.99
24320.7 6956.13
24327.1 6738.05
24333.2 7042.24
