time objective
9.85497 14089.9
21.7946 14405.8
35.4555 14563.1
53.3965 14703.4
75.6325 14792.3
93.8825 14937.2
112.193 14996.7
132.244 15105.8
155.106 15200.2
179.053 15321.2
204.298 15405.7
236.99 15475.7
266.889 15585.7
303.332 15702.1
337.835 15764.7
367.904 15839.4
398.843 15948.2
423.731 15999.2
452.645 16068.9
484.902 16136.2
510.935 16238.8
554.269 16297
597.117 16323.7
623.426 16389.7
647.482 16436.9
671.447 16494.2
695.59 16562.9
719.076 16578.9
749.11 16637.3
798.65 16676.7
851.756 16702.4
897.221 16754.9
938.004 16806.8
988.125 16821.5
1039.1 16892.7
1088.39 16903.6
1137.08 16933.5
1181.88 16964.7
1227.04 17005.8
1252.54 17049.5
1288.74 17060.1
1326.09 17092.7
1367.97 17154.4
1415 17203
1448.79 17146.2
1485.72 17193.7
1527.12 17254
1577.67 17266.3
1625.81 17272
1674.62 17255.7
1725.75 17268.1
1752.04 17254.5
1779.29 17272.9
1825.67 17275.8
1851.98 17270.6
1878.3 17257.1
1904.61 17250.1
1935.63 17267.5
1987.89 17263.9
2040.63 17221.4
2066.8 17217.1
2098.43 17222.8
2141.93 17180.7
2193.51 17151.1
2219.7 17111.3
2245.94 17125.4
2272.12 17114.7
2318.42 17118.8
2364.37 17112
2408.82 17070.8
2458.53 17022.8
2502.53 17081.2
2550.07 17079.1
2600.92 17064
2645.67 17029.8
2695.85 17061
2747.47 17057.9
2799.18 17026.6
2853.37 17030.9
2899.93 17030.1
2947.38 16992.3
2993.84 16996.3
3045.21 17039.6
3097.86 17001.7
3128.2 16978.7
3156.12 16990.3
3211.72 16916.4
3261.04 16916.6
3314.28 16930.2
3367.76 16924.8
3419.69 16887.7
3471.26 16894
3523.05 16840.4
3566.49 16862
3590.08 16826.8
3613.56 16829.2
3658.31 16809.9
3706.25 16843.5
3759.11 16812.9
3813.64 16846.7
3866.74 16808.9
3919.87 16819.7
3968.47 16797.3
4015.89 16764.4
4051.13 16744.2
4092.32 16751.5
4142.2 16705.9
4204.62 16697.5
4248.83 16741.6
4298.6 16735.1
4348.42 16737.1
4397.92 16709.3
4447 16745.9
4496.25 16709.9
4538.62 16660.1
4589 16626.7
4614.82 16616.7
4653.68 16669.8
4705.32 16604.6
4753.3 16607.6
4798.88 16639.1
4849.67 16610.4
4898.6 16582.8
4949.68 16617.7
4981.54 16630
5028.28 16627.7
5079.38 16575
5130.27 16576
5179.14 16615.6
5221.7 16607.9
5266.23 16625
5311.7 16616.2
5360.1 16619.2
5410.49 16622.9
5457 16631.5
5502.57 16633.8
5543.21 16638.3
5592.92 16637.9
5616.16 16623.6
5651.53 16619.1
5674.43 16627.5
5722.97 16599.7
5784.32 16636.5
5821.83 16596.6
5848.68 16617.7
5904.21 16574.9
5959.45 16652.3
6012.76 16594.9
heldout 16592.7,
