time objective
604.447 14975.3
977.772 16039.2
1262.13 16337.7
1627.24 16261.2
1993.21 16117.1
2268.01 15974.3
2663.16 15994.6
3040.06 15928.8
3429.06 15835.4
3871.48 15887.4
4248.3 15835.6
4614.8 15788.2
5128.54 15750.1
5645.66 15608.6
6181.66 15538.4
6758.27 15452.4
7273.13 15343.6
7830.34 15278.5
8389.26 15232.7
8944.88 15174.3
9488.02 15235.9
10031.1 15151.8
10572.5 15088.9
11146.4 15081.4
11737.1 15095.6
12317 15024.3
12768 15002.2
13314 15018.8
13697.5 15047.4
14181.2 15015.2
14665.2 15064.3
15169.7 14946.2
15715.9 14982.6
16200.2 14966.3
16687.2 14986.8
17081.2 14958.7
17477.3 14981.2
17876 14910.1
18288.1 15061.8
19191.5 14970.3
19816.3 14977.5
20137 14954
20389.9 15041
20855.1 15028.4
21352.2 15136.6
21806.8 15024.1
22287.8 15092.8
22781 15125.3
23289.5 15149.9
23737.1 15071.4
23970.7 14986.6
24203.8 15007.7
24568 15062.6
24937 15014.1
25366.9 15090.1
25831.7 15048.8
26293.9 15050.1
26694.7 15034.8
27151.6 14949
27662.6 15000.7
28268.8 14952.1
28702.9 15024.3
29183.6 15080.5
29768.1 15032
30297.1 15018.7
30872.6 15048.3
31287.4 15105.9
31536 15147
31838.6 15120.1
32328.9 14959.3
32765.4 15066.7
33238.5 15093.1
33898 15075.1
34343.1 15137.6
35107.2 15144.7
35496.3 15256.2
35800 15209.1
36105.4 15184.3
36506.1 15190.7
37051.5 15103
37677.4 15054.7
38157.4 15129.2
38546.6 15141.3
39020.5 15200.2
39768.5 15127.4
40354.2 15234.7
40959.8 15092.8
41881.5 15210.2
42803.4 15130.2
43726.5 15248.2
44650.2 15179.9
45471.4 15095
46091.7 15192
46717 15224.5
47344 15281.9
47929.2 15173.6
48419.8 15147.5
48886.3 15128.3
49512 15179
50008.5 15166.6
50450.3 15270.1
50901.6 15270.7
51567 15242.5
52252 15105.4
53098.7 15172
53768 15185.4
54508.4 15094.7
55166.9 15261.3
