time objective
209.297 261.081
399.886 216.808
591.096 198.396
784.125 183.856
985.339 158.536
1179.41 149.271
1386.79 148.914
1578.84 133.343
1776.54 129.953
1981.21 120.903
2183.52 111.16
2384.76 107.184
2596.09 105.354
2786.12 96.5415
2975.35 92.7455
3169.49 93.4816
3358.64 87.135
3547.84 88.2276
3738.17 81.5862
3936.3 84.5402
4138.44 82.2615
4329.1 79.0248
4518.1 81.3616
4715.93 81.6071
4910.77 77.1754
5101.06 74.7098
5297.58 75.5093
5497.43 75.6389
5691.09 76.7439
5893.05 73.231
6091.58 73.7142
6295.6 72.6325
6507.97 71.0112
6698.91 70.597
6895.77 72.9635
7099.49 69.1278
7290.48 70.5769
7484.33 70.6399
7705.17 70.5653
7905.65 69.9523
8096.79 70.3335
8292.46 70.5118
8485.74 69.098
8675.97 68.6654
8871.57 69.0795
9067.94 69.0873
9260.88 68.4613
9457.45 69.7273
9649.38 69.2019
9844.6 70.0261
10034.6 71.2983
10227.6 67.5599
10435.8 67.8499
10653.7 70.2125
10866.7 70.5673
11074.7 69.5357
11333.7 70.128
11543.2 69.7123
11737.3 70.6315
11931.5 70.6849
12134.2 69.9719
12339.2 69.4147
12532.8 70.9458
12730 69.8544
12922.8 71.3161
13117.2 71.4576
13315.2 71.1685
13526.4 70.8316
13724.1 70.5075
13926.6 71.7377
14126.1 71.6395
14334.4 72.4833
14530.1 72.8973
14730.2 71.3114
14922.2 72.057
15123.6 72.1613
15319.6 72.2283
15524.5 72.7525
15731.7 71.7908
15940.6 72.6584
16154.8 73.083
16352 74.0181
16552.4 73.1346
16747.3 73.4935
16951.5 74.7296
17147.4 74.0481
17345.7 73.5579
17546.5 74.3183
17744.5 73.9657
17941.2 73.1346
18152.1 74.3345
18359 74.2265
18573.7 73.5599
18769.3 74.0599
18967.7 75.0351
19161.9 73.5824
19366 73.9444
19560.6 74.8114
19756.2 75.4562
20003.8 74.9319
20210.1 76.1818
20418.4 74.9736
20623.5 75.8216
20825.8 75.8732
21031.6 76.4943
21230.9 75.9145
21456.3 75.9522
21655.5 76.2733
21848.6 76.4066
22051.6 77.1562
22259.7 78.1097
22454.9 76.8718
22657.1 76.4101
22851.7 77.0843
23047.6 78.0153
23250 78.1359
23465.6 76.1135
23669.1 77.918
23874.8 77.2574
24067 77.2447
24258.4 78.3907
24450.5 77.9546
24643.1 77.2121
24834.4 77.4752
25025.8 77.4704
25219.1 77.7978
25412 79.152
25603.6 78.9699
25796.2 78.7262
25987.4 78.0655
26179.9 79.2961
26370.6 79.3258
26561 78.7138
26752.6 79.4167
26946 78.9298
27139.9 79.3879
27330.8 79.4049
27521.4 79.245
27712.6 80.0672
27904.5 79.8373
28095.3 80.6079
28286.3 78.3267
28478.4 80.7085
28670.6 80.1217
28862.1 80.138
29055.1 79.4087
29247 80.3001
29438.1 78.922
29629.3 80.7219
29821 79.431
30012.5 80.871
30205 80.8185
30396.8 81.2099
30589.2 81.5016
30780.4 80.3146
30971.9 80.5714
31164.2 80.2591
31355.3 80.4269
31546.5 81.247
31737.6 80.2731
31930.9 80.3663
32122.5 81.2689
