time objective
230.742 14623.6
452.92 15103.2
676.773 15358.6
897.275 15469
1118.93 15496.2
1340.04 15538.1
1576.28 15561.8
1797.36 15543.1
2018.2 15554.1
2239.16 15522.2
2460.09 15533.6
2683.65 15554.1
2909.35 15530.2
3135.16 15539.4
3356.45 15541.2
3581.99 15502
3804.04 15530.2
4025.13 15522
4252.87 15540.7
4477.4 15534.8
4698.45 15532.3
4924.81 15542.3
5148.26 15533.4
5369.13 15546.7
5596.25 15505.6
5817.33 15515.7
6038.09 15538.9
6259.15 15545.8
6480.1 15506.3
6702.77 15525.5
6925.18 15527.2
7147.19 15535.6
7371.73 15534.8
7596.59 15535.3
7817.14 15525.2
8038.66 15513.5
8259.38 15514.9
8480.66 15551.1
8701.58 15514.9
8925.43 15538.7
9146.48 15527.9
9370.18 15540.2
9591.38 15539.1
9819.95 15545.5
10045.1 15548.5
10266.6 15511.5
10497 15537.6
10721.3 15538.8
10947.2 15524.1
11170.9 15530.4
11397.9 15546.8
11624.3 15525.9
11846.8 15536.5
12072.7 15548.7
12300.3 15519.8
12522.9 15539.2
12750.4 15530.7
12971.7 15515.2
13200.3 15552.2
13421.9 15533.7
13646.6 15561.3
13877.4 15528.3
14106.7 15505.4
14328.7 15538.3
14552.2 15524.6
14778.2 15521.9
15005.4 15534.2
15237.5 15555.2
15464.9 15528.3
15705.3 15534
15933.4 15538.1
16174.6 15515.3
16406.8 15528.9
16633.8 15532.2
16857 15528.5
17080.5 15522.4
17304.6 15547.1
17536.4 15527.3
17764.7 15546.6
17987.3 15504.7
18208.9 15527.7
18430 15517
18652.4 15534.2
18877.2 15537.6
19098.5 15542.9
19320.6 15526.2
19545.3 15522.5
19774.3 15540.4
19999.5 15538.3
20227.2 15525.7
20453.3 15531.5
20678.8 15554.9
20901.9 15543.7
21124.7 15537.8
21346.4 15539.4
21567.7 15542.2
21793.3 15528.6
22017.2 15530.4
22238.6 15542.6
22469 15544.2
22694 15538.1
22919.2 15531.9
23143.4 15519
23371.8 15549.8
23593.4 15541.3
23818.3 15519.3
24042.6 15546
24264.3 15526.8
24485.3 15530.1
24709.1 15540.6
24933.9 15541.5
25159.9 15528.3
25397.8 15541.8
25620.8 15547.8
25859.7 15549.4
26099.1 15547.4
26339.9 15523.9
26581 15546.8
26822.2 15543.6
heldout 15527.6,
