time objective
18.1176 1.58682e+06
34.2363 774880
47.151 496632
58.4924 357362
67.8989 245872
75.5438 194260
82.9594 172465
97.7924 151120
108.973 128735
115.443 110977
121.64 99871
126.807 90313.3
139.057 81092.5
155.875 76444.5
164.388 69502.5
172.04 67255.2
188.233 63438.1
194.024 57849.1
199.786 57555.9
205.38 53915.1
212.096 50387.1
219.049 49681.8
226.112 47986.1
232.16 47623.3
238.082 43309.3
243.966 42423
249.574 41755.1
255.25 39734.9
261.162 38346.4
266.721 37089.3
272.511 35565
278.384 36185.1
286.927 34354.5
292.8 33056.8
298.571 33975.2
304.659 31631.5
310.58 32081.3
321.891 31871.2
331.317 29889.3
339.677 29343
347.476 29505.8
354.896 27540.9
364.379 27750.2
372.574 28087.2
380.552 26875.4
388.203 26297.2
395.886 27102.5
406.098 25053.9
418.45 25031.5
429.959 24036.3
441.269 24323.4
446.266 24068.4
450.486 23794
455.162 23899.8
459.78 22546.7
463.416 22483.9
467.345 22135.5
472.055 21460.8
478.213 21661.4
484.304 22041.1
490.542 21020.5
496.785 21047.1
504.641 21314.4
515.147 20207.1
531.624 19837.1
549.188 20531.5
561.008 19308.3
572.098 19142.4
580.987 19497.4
588.886 19157.5
595.052 18817.4
602.357 19452.6
605.711 18635.7
609.16 18538
612.694 19058.2
616.562 17921.7
622.94 17896
629.012 18173.4
635.209 17964.7
644.556 16775.6
652.031 17545.2
659.275 17409.9
669.987 16650.5
686.281 17366
701.718 16726.9
714.786 16900.9
727.695 16659
740.027 16699.6
746.628 16499.2
755.78 16067.3
771.067 16427.2
785.45 15734.7
798.677 16193.2
804.503 15769.9
816.585 16057.8
822.46 15538.9
828.969 15550.7
836.937 15233.3
842.896 14539.6
849.85 15191.4
856.579 14956.9
863.741 14868.3
872.121 15587.2
884.018 14930.6
891.609 14611.9
898.889 14606.2
905.374 14150.6
922.058 14141.2
927.637 14865.6
933.24 14841
940.236 14036.3
951.684 13762.6
960.29 14017.4
965.185 13894.8
979.884 13979.4
989.823 14262.2
995.564 13946
1005.87 14250.2
1016.9 13639
1022.81 13662.7
1028.55 13841.9
1040.66 13432.1
1044.56 13714.5
1055.32 13284.6
1066.13 13159.9
1071.26 12828.8
1082.06 13316.6
1092.66 13068.5
1101.23 12660.3
1112.65 12655.8
1121.01 12479.5
1130.95 12987.2
1142.63 13014.4
1150.88 12730.7
1161.84 12247.6
1171.59 12496.6
1179.97 12529.5
1186.27 12214.8
1192.05 12636.1
1196.43 12326.3
1205.72 12400.5
1216.76 12673.2
1227.55 12596.3
1232.37 12325.5
1237.13 12131
1241.97 12160.5
1246.99 12002
1251.67 11813
1256.5 12281
1262.62 12036.5
1269 11873.7
1275.43 12334
1282.8 11626
1288.83 11713.6
1295.01 12004
1301.22 12232.1
1308.34 12067.5
1316.74 11705.2
1328.75 11939.5
1341.01 11315
1348.53 11141.6
1353.7 11783.1
1362.58 11823.3
1370.86 11336.8
1378.69 11992.3
1392.36 11795.1
1402.21 11609.2
1415.37 11630.9
1425.62 11103.2
1433.48 11512.8
1436.87 11707.3
1440.45 11103.7
1444.03 11329
1457.42 10848
1468.26 11397.4
1478.71 11336
1493.82 11010.4
1507.7 10952.2
1522.32 11337.9
1536.43 10832.2
1548.91 10782.3
1563.89 10966.9
1575.26 10960.6
1591.05 10965.2
1606.06 10753.6
1620.68 10652.4
1636.03 10570.4
1652.19 11119.4
1668.12 11282.3
1682.39 10938.5
1698.29 10694.5
1715.47 10587
1729.41 10663.2
1745.38 10194.5
1762.32 10745.3
1777.71 10397.9
1791.59 10676.1
1807.16 11100.3
1823.17 10780.4
1838.26 10767.5
1853.19 10465.1
1868.95 10465.4
1885.46 10627.6
1899.33 10111.6
1915.61 10608.9
1932.12 10272.3
1945.14 10382.2
1960.32 9894.66
1976.1 10172.3
1991.95 10074.2
2001.18 10577.7
2012.83 10119.9
2028 9815.97
2042.61 10254.3
2053.71 10650.9
2063.27 9739.95
2078.87 9865.13
2093.46 10218.2
2108.25 10352
2118.39 10393.3
2130.51 9636.71
2145.59 10087.4
2159.51 10101.8
2170.1 10091.6
2179.5 10019
2193.34 10224.8
2206.78 10001.3
2221.92 9862.59
2231.36 10047.5
2242.66 9751.38
2256.97 10527.3
2271.36 10168.9
2281.65 9652.68
2291.14 9861.42
2305.31 9895.2
2319.97 10240.3
2334.09 9536.23
2343.37 10124.3
2354.98 9131.29
2369.29 9803.2
2383.56 9641.07
2394.12 10208.2
2402.72 9488.4
2417.18 9724.41
2431.7 9743.57
2446.21 9523.47
2456.21 9507.61
2467.34 9587.64
2482 9632.21
2496.72 9943.15
2506.29 9898.44
2515.64 9379.13
2529.47 9806.44
2543.79 10000.2
2558.67 9845.2
2568.48 9455.58
2579.32 9614.58
2593.79 9455.43
2608.49 9829.51
2617.9 9394.46
2626.88 9571.47
2640.75 9474.07
2655.05 9809.17
2669.84 9720.04
2679.05 9094.89
2690.08 9449.92
2704.16 9579.49
2718.79 9718.33
2729.88 9258.79
2738.94 8919.18
2753.55 9138.16
2767.95 8915.95
2782.04 9622.01
2791.49 9341.65
2801.27 9679.81
2815.2 9041.55
2829.31 9252.05
2841.22 8740.52
2850.61 8711.28
2864.78 9031.68
2879.58 8929.18
2893.64 9201.59
2902.99 9370.02
2912.12 9479.12
2927.44 9453.95
2942.6 9457.76
2956.66 9136.64
2966.8 9321.39
2981.46 9152.55
2996.66 8820.55
3010.9 9292.5
3020.74 9214.58
3031.03 9380.16
3046.1 8683.12
3061.3 8955.65
3076.14 9135.9
3085.62 8440.29
3098.71 8830.59
3113.39 9260.12
3127.83 8795.81
3139.22 9205.39
3149.82 9172.75
3164.67 9006.58
3179.86 9136.2
3195.71 9052.17
3205.52 9160.08
3215.74 8785.22
3230.47 8987.94
3244.98 9040.58
3257.92 9276.64
3267.3 9650.47
3282.95 9080.66
3297.95 9111.22
3313.26 8846.9
3323.64 8942.18
3333.59 9175.6
3348.71 9369.31
3364.43 8836.59
3378.44 8596.77
3388.53 9273.89
3403.33 8901
3419.41 8557.33
3433.98 9121.9
3448.71 8625.53
3463.74 8931.8
3478.54 8642.9
3494.07 8502.8
3508.46 8794.16
3523.83 9220.65
3539.71 8932.13
3554.45 9117.95
3569.88 9143.95
3586.97 8460.72
3603.02 8742.22
3618.01 9428.92
3632.75 8787.9
3647.84 8921.79
3663.79 8944.36
3680.24 9033.67
3694.8 8322.5
3708.78 8965.87
3722.99 8748.07
3738.11 8834.56
3753.05 8957.28
3768.19 8400.05
3783.83 8449.02
3799.04 8418.44
3814.35 9209.92
3829.55 8709.75
3844.46 8329.12
3859.21 8728.8
3875.02 8919.72
3890.5 8841.6
3906.15 8572.38
3920.92 8496.63
3935.76 8490.03
3950.23 8760.22
3965.47 9032.69
3980.38 8522.49
3995.93 8446.47
4010.45 8562.8
4025.76 8381.76
4041.01 8653.39
4056.16 8707.56
4071.82 9050.24
4086.84 8383.95
4102.9 8520.85
4116.62 8777.77
4131.44 8484.98
4146.15 8341.8
4161.78 8809.18
4176.66 8488.8
4191.49 8401.23
4206.63 8647.16
4221.88 8120.39
4236.51 8820.48
4251.64 8796.15
4267.48 8365.91
4281.6 8575.1
4297.4 8645.81
4312.9 8564.15
4336.92 8194.55
4361.38 8243.38
4380.86 8647.75
4405.22 8550.3
4426.94 8672.13
4450.65 8318.27
4472.59 8794.24
4493.99 8682.34
4518.83 8533.16
4542.72 8895.48
4567.62 8853.94
4589.58 8833.41
4611.34 8785.89
4632.38 8422.08
4656.68 8328.28
4680.19 8665.89
4704.74 8370.2
4726.25 7775.75
4747.34 8481.94
4772.43 8766.75
4793.88 8245.91
4817.62 8405.97
4837.82 8542.96
4861.68 8284.51
4876.42 8290.37
4890.23 8418.5
4904.07 8807.21
4917.62 8610.13
4931.98 8550.31
4945.72 8371.51
4958.95 8324.38
4973.09 8784.64
4987.05 8194.1
5000.56 8699.4
5015.29 8355.58
5028.79 8297.08
5038.89 8173.86
5051.6 8471.67
5065.2 8082.93
5080.09 7877.77
5094.84 8610.66
5109.37 8478.94
5123.72 8453.57
5137.83 8469.21
5151.42 8464.26
5165.33 8373.7
5177.34 7999.84
5200.59 8608.98
5215.73 8023.85
5230.7 7954.53
5245.7 8212.42
5259.8 8243.6
5272.53 8086.32
5285.54 8456.43
5299.87 8503.75
5314.13 8091.04
5328.73 8260.72
5340.75 8089.2
5355.28 7941.23
5369.34 8135.14
5382.97 8175.35
5395.81 8192.41
5410.41 8167.99
5421.41 8562.53
5435.39 8065.89
5446.72 8230.62
5458.46 7999.44
5470.64 7460.31
5493.49 7940.67
5517.74 8352.8
5531.56 8405.12
5545.78 8402.57
5557.87 8478.1
5572.88 8541.77
5586.39 8253.49
5600.27 8260.78
5618.77 8108.26
5632.21 8057.42
5647.05 8807.54
5661.8 8277.93
5676.86 8665.01
5701.59 8284.3
5722.96 8144.23
5731.25 8064.6
5746.86 7874.28
5757.65 8537.81
5771.68 7800.06
5778.14 8277.96
5787.38 7890.5
5796.82 8255.03
5805.78 8443.3
5814.92 8186.76
5823.96 8154.62
5832.97 8333.21
5842.33 8460.71
5851.6 8125.23
5860.54 8450.85
5869.4 8276.04
5878.42 7740.17
5887.48 8184.56
5896.47 7948.77
5904.96 8299.7
5913.54 8166.52
5922.28 7920.73
5930.85 8597.13
5939.73 7889.26
5949.1 8098.95
5958.99 7742.84
5970.83 7858.43
5982.92 7849.04
5999.2 8157.1
6010.87 8437.48
6022.72 8174.99
6033.65 8234.07
6048.62 8140.24
6064.28 8184.32
6076.18 8451.53
6091.79 7728.45
6104.42 8345.75
6118.58 8099.58
6134.25 7982.01
6146.04 7846.51
6158.48 8092.44
6173.23 8132.4
6187.88 8275.98
6202.43 8156.93
6217.82 7852.75
6230.65 7565.72
6244.24 8311.55
6258.59 8128.38
6274.02 7933.13
6287.32 8106.47
6301.83 8115.18
6316.58 8084.25
6331.74 7909.7
6347.39 8613.17
6360.88 7955.52
6374.63 8482.3
6389.56 7056.89
6404.8 7862.7
6419.3 8744.7
6433.64 8070.1
6448.47 8064.11
6463.61 8279.2
6478.55 7768.4
6492.39 8098.38
6507.09 8540.71
6521.41 7707.49
6535.16 8322.3
6549.49 7877.18
6563.19 8002.51
6578.46 8357.69
6593.54 8170.68
6607.26 8102.09
6621.98 7929.76
6635.86 7851.17
6650.81 8243.67
6665.23 8258.67
6680.76 7732.3
6696.67 7831.83
6712.18 7721.51
6725.66 8000.28
6739.98 7593.64
6755.9 8340.15
6771.41 7839.62
6785.16 7860.87
6800.47 7893.94
6815.45 7723.5
6830.81 8130.57
6843.6 7450.06
6858.02 7844.5
6873.21 7885.85
6888.36 8136.83
6902.13 7939.3
6917.23 7900.9
6932.11 7538.65
6947.33 8013.29
6961.17 7671.9
6975.16 8162.24
6989.66 8032.69
7004.75 8092.26
7014.99 7644.44
7027.26 7697.92
7041.8 7933.38
7057.21 7944.92
7066.31 7518.06
7072.6 7800.03
7078.7 7392.06
7088.2 8147.89
7096.96 8359.66
7105.65 7634.22
7113.2 7853.92
7119.23 7559.55
7125.73 7679.29
7134.81 7856.37
7144.21 7933.88
7153.23 8028.75
7161.67 7646.79
7167 7405.57
7173.6 7554.99
7182.31 8218.37
7191.92 7782.61
7200.37 7888.01
7209.48 8321.09
7215.33 7844.84
7221.67 7828.07
7230.99 8172.37
7240.1 8175.13
7249.92 8034.71
7258.72 7477.32
7265.7 7285.99
7272.16 8081.78
7278.88 7729.12
7287.98 7830.57
7296.41 7807.55
7306.28 8352.15
7312.64 7850.86
7319.08 8073.8
7325.84 7852.95
7335.3 8127.69
7344.36 8003.38
7353.21 8367.64
7359.96 7350.65
7366.33 8019.28
7372.36 7372.19
7381.69 8167.62
7390.33 8046.36
7399.88 8022.84
7408.33 7379.21
7414.33 7673.89
7421.93 7543.01
7431.31 7755.79
7440.53 7876.45
7449.32 7901.28
7458.39 7968.99
7464.83 7633.11
7470.09 7759.39
7478.23 7836.13
7486.97 7797.61
7496.08 8120.67
7505.23 7770.23
7511.27 7482.52
7517.57 7355.81
7525.13 7517.78
7533.84 7568.88
7543.3 7512.81
7552.28 7647.41
7559.09 7615.81
7565.15 7816.37
7570.91 7903.55
7579.75 8516.46
7589.03 7322.01
7598.25 7589.45
7605.84 7680.82
7612.46 7928.69
7620.34 7671.3
7629.91 7736.39
7639.65 8282.4
7648.36 7636
7657.85 8004.91
7663.23 7319.4
7669.47 8207.19
7678.39 8015.62
7687.57 7849.03
7696.27 7783.24
7705.5 7623.48
7711.31 7659.87
7718.25 7701.9
7726.76 7560.83
7735.7 7857.57
7744.54 7489.92
7753.66 7414.92
7760.5 7669.01
7766.65 7787.66
7773.48 7655.97
7782.78 8328.76
7792.49 7653.87
7801.85 8100.4
7808.41 7574.42
7816.51 7398.51
7824.66 7717.58
7833.87 8001.36
7842.48 7772.2
7851.69 7712.96
7861.02 7735.75
7869.05 7490.25
7877.44 7806.7
7886.57 7695.14
7895.84 7542.61
7904.8 8024.37
7914.11 7386.62
7922.4 7794.65
7930.15 7375.15
7939.03 7717.82
7948.53 7942.79
7958.15 7892.52
7967.1 7570.46
7976.16 7700.58
7984.44 7990.95
7992.26 7820.95
8001.75 7628.21
8010.93 7692.98
8020.45 7369.26
8029.67 7342.53
8037.5 7727.82
8045.93 7733.52
8055.1 7778.39
8064.11 7710.67
8073.1 7721.63
8082.13 7442.51
8090.62 7283.1
8098.77 8114.16
8107.25 7867.2
8116.13 7763.95
8125.58 7513.29
8134.39 7495.78
8143.41 7579.69
8150.89 7475.58
8159.39 7576.95
8168.57 7973.05
8178.03 7470.52
8186.67 7631.54
8195.82 7381.43
8204.21 7514.29
8211.98 7553.27
8220.13 7495.85
8229.41 7439.83
8238.42 7600.05
8247.83 7511.16
8256.64 7420.78
8265.48 7478.38
8274.25 7347.37
8283.36 7455.31
8293.77 7664.39
8302.49 6944.82
8308.42 7433.7
8314.27 8115.83
8320.18 7583.78
8326.1 7633.33
8331.78 7533.73
8337.81 7314.79
8343.31 7767.91
8349.18 7743.41
8355.03 7657.11
8360.8 8148.5
8366.75 8178.86
8372.45 7891.23
8378.23 7792.76
8384.25 7241.4
8390.18 7801.46
8396.2 7704.25
8401.8 7912.91
8421.62 7457.59
8434.76 7478.87
8445.96 7556.78
8459.72 7589.82
8473.46 8202.22
8487.69 7779.4
8499.59 7625.68
8513.85 7173.69
8524.5 7382.68
8532.05 7838.75
8548.13 7620.19
8566.4 7561.92
8580.23 7519.43
8593.29 7402.63
8606.77 7215.45
8623.05 7714.79
8646.42 7659.12
8670.43 7633.99
8694.55 7387.54
8710.18 7636.75
8725.19 7297.86
8740.19 7913.93
8754.42 7517.18
8768.55 7643.74
8782.37 7738.95
8797.09 7294.71
8810.53 7852.13
8824.41 7553.14
8839.35 7812.69
8853.25 8052.09
8866.71 7677.71
8875.65 7748.83
8884.22 7515.54
8896.43 7338.19
8909.65 7890.82
8923.08 7395.82
8932.38 7281.04
8940.98 7986.61
8952.8 7790.88
8968.39 7618.37
8981.54 7629.33
8990.81 8051.62
8998.57 7324.16
9011.64 7668.02
9024.95 7714.99
9037.7 7530.13
9046.73 7523.75
9055.08 7767.29
9070.68 7392.91
9083.35 7466.39
9097.8 7460.87
9104.66 7384.85
9109.86 7338.42
9130.51 7978.77
9148.95 7462.08
9169.07 7812.14
9191.9 7322.64
9197.36 7664.95
9209.03 7249.81
9214.82 7920.12
9220.84 7217.22
9226.84 7394.46
9232.53 7547.54
9246.03 7439.24
9259.15 7660.75
9273.4 6933.51
9296.38 7144.46
9317.34 7428.51
9331.85 7548.57
9357.85 7391.21
9363.79 7525.09
9369.71 7637.87
9391.63 7604.68
9405.03 7403.92
9417.78 7148.35
9430.6 7693.8
9443.29 7240.01
9456.85 7451.92
9470.91 7394.1
9484.27 7635.38
9497.39 7267.52
9510.96 7303.37
9524.55 7519.05
9538.6 7422.18
9551.29 7956.49
9564.09 7452.71
9577.07 7719.94
9594.99 7562.07
9608.4 8072.21
9621.9 7305.03
9634.99 7584.86
9647.95 7473.4
9666.64 7811.16
9679.56 7185.06
9693.22 7499.14
9706.56 7430.46
9720.41 7635.18
9734.18 7326.86
9746.89 7594.65
9759.77 7612.21
9773.11 7868.96
9785.26 7653
9798.07 7158.92
9811.92 7533.82
9826.08 7602.94
9839.98 7079.92
9852.98 7434.31
9867.42 7739.91
9881.72 6986.24
9894.8 7514.52
9908.01 7451.35
9924.01 7777.6
9938.17 7360.08
9953.27 7289.1
9967.55 7089.85
9981.82 7332.48
9997.4 7623.31
10012.7 7523.33
10027.3 7308.51
10036.9 7311.82
10045.5 7544.52
10059.3 7339.88
10075.6 7725.89
10088.1 8051.62
10100.8 7435.54
10114.6 7351.91
10126.8 8025.89
10137.4 7265.44
10158 7232.69
10176 7463.28
10190.2 7495.01
10203.9 7223.14
10217.4 8090.7
10231 7136.36
10246.5 7916.89
10254.3 7294.87
10261.6 7760.92
10275.1 7575.33
10288.5 7291.63
10299.6 7400.47
10306.8 7549.66
10312.7 7253.22
10318.3 7633.36
10324 7518.64
10329.5 7312.55
10335.4 8023.04
10341 7537.21
10346.8 7088.41
10352.7 7466.16
10358.5 7474.06
10364.4 7999.92
10370 7602.18
10376 7635.61
10381.7 7568.11
10387.5 7338.82
10394.4 7321.04
10408.2 7477.1
10421.9 7602.47
10434.9 7589.39
10447.7 7280.41
10461.4 7397.3
10474.9 7454.18
10489 7647.36
10503.6 7559.24
10516.8 7307.61
10530 7297.8
10542.4 7273.52
10556.1 7735.08
10569.8 7530.33
10584.4 7401.05
10597.5 7139.66
10610.7 7554.62
10625 7729.5
10638.5 7555.26
10652.4 7835.2
10666.9 7286.53
10680.6 7570.89
10694.3 7153.17
10708.1 7862.53
10721.6 7709.41
10735.6 7684.81
10750.3 7607.46
10765.3 7531.56
10779 7929.79
10790.9 7211.02
10804.4 7481.15
10818.3 7375.86
10832.3 7584.3
10846.3 7985.3
10860.4 7552.73
10873.3 7556.08
10886 7138.32
10899.8 7679.53
10914.4 7584.15
10929.3 7506.21
10943.6 7231.89
10956.2 7280.05
10969.4 7865.69
10983.8 6915.24
10998.3 7803.07
11012.7 7131.41
11026.9 7925.64
11040.9 7690.72
11055.5 7262.9
11069.2 7888.27
11083.5 7515.97
11098.9 7339.78
11113.3 7415.69
11128.7 7676.16
11142.2 7718.15
11155.9 7317.87
11169.6 7465.67
11184.2 7166.73
11199.5 7396.79
11214 7477.31
11228.9 7285.49
11243.9 7446.8
11258.1 7438.19
11272.2 7314.9
11286.8 7243.62
11302.1 7409.54
11316.9 7369.22
11332.3 7159.89
11348.4 7420.71
11362.4 7568.37
11375.9 7515.49
11390.1 7214.87
11406.3 7575.34
11421.8 7416.72
11436.6 7273.38
11451.4 7651.17
11466.2 7095.38
11481.2 7277.05
11496.9 7200.67
11507.6 7415.4
11520.9 7488.86
11533.8 7386.74
11547.2 7463.14
11559.2 7058.88
11576.5 7512.42
11590.7 7241.79
11602 7613.64
11616 7686.12
11629.4 7291.25
11644.5 7622.47
11659.1 7200.93
11673 7841.85
11687.2 7396.31
11702 7427.85
11716.6 7358.03
11731.4 7299.91
11745.3 7555.59
11758.6 7786.44
11772.1 6987.07
11785.8 7404.5
11797.5 7172.21
11807.2 7222.78
11821.2 6979.52
11835.1 7337.1
11848.2 7344.5
11861.7 7324.12
11876.9 7433.93
11892.5 6791.09
11907.9 6914.3
11923.2 7197.27
11937.2 7098.98
11951.9 7546.27
11966.3 7116.24
11981.3 7506.41
11997.2 7186.69
12012.5 7410.24
12028.4 7540.02
12043.2 7229.55
12057.1 6906.91
12071.5 7826.09
12085.6 7398.74
12100.3 7127.25
12116.8 7869.2
12131.3 7443.33
12145.5 6960.39
12160.1 7691.75
12171 7400.61
12185.2 7292.95
12200.1 7158.43
12213 7379.21
12222.1 7941.13
12234.6 7649.78
12248.9 7215.49
12263.3 7366.38
12275.3 7290.89
12289.4 7343.88
12302.1 6976.29
12315.3 7799.07
12328.8 7296.22
12341.9 7473.12
12355.7 7590.84
12368 7238.9
12380.3 7507.41
12394.2 7428.44
12407.8 7556.62
12421.1 7246.46
12435 7396.78
12448.2 7469.86
12462.1 7009.79
12476.5 7293.41
12491.9 7589.22
12508.1 7409.18
12513.6 7542.36
12526.6 7896.02
12539.3 7329.93
12551.2 6904.65
12562.5 7633.24
12569.9 7491.24
12575.5 6996.7
12584.2 7629.55
12598.6 7378.02
12611.5 7928.71
12625.8 7471.33
12638.9 7227.71
12652.4 7617.11
12666.4 7305.34
12680.5 7154.69
12695.6 7226.25
12708.2 7009.44
12720.1 6983.79
12732 7200.47
12745 7015.84
12758.8 7144.19
12773.2 7019.81
12778.7 7210.24
12790.1 7198.42
12805.5 6905.67
12819.2 7412.65
12829.5 7014.84
12843.6 7125.52
12857.4 7697.44
12869.7 6888.67
12875.2 7447.92
12880.7 7685.12
12899.3 7268.24
12909.3 7467.9
12925.5 7520.58
12931 7581.45
12936.6 7450.53
12942.1 6821.78
12947.7 7276
12957.8 7480
12963.3 7105.1
12968.9 7511.95
12974.3 7167.06
12980 7542.16
12985.7 7048.44
12991.2 7512.03
12999.9 6870.95
13015.5 7216.45
13030.7 7157.57
13040.4 7208.48
13054.6 7391.97
13069.9 6849.83
13086 7330.4
13102.2 7458.4
13117.1 6901.73
13129.9 7270.8
13144.3 7226.51
13159 6546.51
13171.2 7204.51
13183.9 7089.75
13195.1 7430.56
13213.2 7047.76
13230.4 7348.12
13247.1 7322.95
13260.7 7208.57
13273.6 7296.73
13280.4 7149.58
13293.5 7589.32
13303.5 7892.63
13318.1 6972.51
13331.7 7948.49
13341.8 7329.69
13359.6 6909.96
13371.9 7120.61
13387.4 7242.54
13403.4 7464.93
13421.1 7252.74
13436 7561.37
13453 6648.2
13470.4 7109.53
13486.9 7263.25
13504.7 7373.37
13517.8 7233.23
13533.9 6968.85
13552.3 7513.65
13563.8 7141.34
13579.8 7516.17
13596.4 7522.98
13609.3 7234.1
13627.6 7104.74
13643.8 7277.94
13660.8 7677.68
13678.3 7427.42
13694.7 7131
13707.2 7438.01
13721.2 7351.85
13738.1 7166.86
13754.5 6921.94
13766.5 7167.09
13781.3 6878.04
13790.4 6732.92
13804.7 7330.32
13826 7305.75
13850.3 7453.24
13872.8 7472.59
13892.9 7247.92
13915.9 7113.92
13938 7548.77
13952.4 6909.27
13970.7 7503.51
13984.8 7122.73
13991.7 7345.6
14002.1 7350.7
14010.6 6967.44
14018.5 7608.34
14030 7304.2
14042.1 7204.86
14052.2 7207.89
14062.2 7455.43
14075.4 7163.16
14085.2 7125.56
14095.7 7401.87
14105.9 7498.67
14112.9 7781.5
14121.5 7355.47
14134.1 7100.15
14144.5 7018.53
14150.9 7064.11
14164.7 7307.03
14178.4 7216.21
14193.1 7101.1
14214.5 6833.59
14237.6 7198.4
14243.7 7263.91
14250.3 7029.45
14275.3 7221.37
14292.2 7441.88
14310.9 7069.27
14317.1 7048.37
14329.7 7407.64
14345.6 6893.03
14366.5 7547.48
14388 7543.83
14402.7 6977.04
14408.7 7126.57
14414.8 7435.23
14421 6816.14
14427.3 7608.23
14440.9 7738.9
14446.3 7051.76
14452.1 7412.27
14457.7 7273.55
14478.8 7085.59
14490.6 7058.56
14501.8 6946.74
14510.6 7332.79
14521 7458.03
14534.4 7189.92
14548.5 7156.69
14559.8 7341.94
14574 7068.33
14587.2 7060.78
14600.4 7335.06
14614 6985.09
14629.3 7132.79
14643.5 7258.85
14657 7758.57
14671.4 7164.98
14685.3 7365.01
14699.7 6888.03
14713.9 7279.75
14736 7351.1
14754.4 7284.88
14778.7 7501.46
14793.8 7387.46
14813.1 7275.16
14828.8 7295.3
14843.3 7274.05
14856.4 7324.19
14871.4 7414.01
14881.5 7030.41
14891 7557.33
14905.9 7277.78
14921.6 7133.36
14936.2 7515.93
14950.8 6798.49
14966.5 7593.91
14980.9 7048.86
14995.4 7142.51
15009.4 7254.24
15022.9 6595.49
15038.3 6964.77
15051.4 7395.33
15065.9 7305.32
15075.7 7245.04
15096.4 7241.59
15108.4 6988.11
15120.5 7312.65
15141.8 7147.6
15156.3 7192.35
15161.8 7338.1
15167.2 7047.3
15172.9 6992.79
15178.6 7294.12
15184.4 7234.78
15189.9 7434.37
15195.3 7563.26
15204.5 6914.39
15218.4 7512.22
15233.2 7490.54
15239.8 7393.63
15246.1 7561.37
15251.7 7195.35
15257.4 7066.6
15263.1 7037.36
15268.6 7174.51
15284.3 7216.82
15298.2 7740
15316.6 6965.01
15329.5 7302.7
15341.4 7568.58
15355.1 6986.03
15369.9 7660.07
15382.8 6997.72
15396.1 6951.31
15411.2 7463.1
15425.9 7168.55
15434 7449.65
15441.6 7447.81
15448.3 7565.36
15462.4 7108.49
15476.7 7209.08
15491.3 7303.96
15505.8 6745.88
15520.2 7248.87
15536.1 6941.07
15557.1 7401.05
15572.4 7224.78
15591.1 7067.59
15604.8 7404.76
15618.5 7278.86
15632.3 7605.64
15646.4 7182.44
15653.4 7329.46
15660.1 7316
15667 7382.35
15676.6 7288
15687.8 6937.12
15698.2 7314.53
15707.2 6930.85
15717.1 7053.86
15730.2 7168.56
15743.1 7353.33
15753.6 7255.4
15764.2 7351.6
15774.4 7251.22
15784.3 7194.07
15794.3 7381.91
15803.5 6771.25
15814 7728.38
15824.2 7003.6
15833.8 7432.96
15843.7 7255.21
15854.1 7097.71
15867 6904.4
15879.7 6786.9
15890.1 7195.6
15900.7 7081.62
15911.1 6955.65
15920.3 7691.58
15930.1 7052.12
15940 7243
15950.8 7093.83
15961.4 6593.69
15971.9 7182.21
15982.9 7323.84
15992.8 7273.63
16005.3 7149.48
16015.8 7489.21
16026.9 6987.02
16036.8 7315.47
16048.2 7361.47
16058.5 7029.6
16067.1 7444.35
16079.6 7475.25
16089.9 6685.68
16100.5 6882.69
16111.7 7089.3
16121.8 7202.14
16131.6 7213.65
16142 6829.46
16151.7 7319.26
16161.5 6728.04
16176.4 6700.28
16191.4 7078.68
16213.3 6871.27
16233.4 7156.69
16244.4 7139.18
16254.4 6999.24
16266.7 7363.6
16280.7 7014.22
16294.7 7106.8
16307.3 7117.1
16323.4 7580.04
16334.4 7240.22
16357.2 7228.1
16380.1 7339.4
16403.6 6854.65
16425.6 7562.18
16449.1 8015.81
16470 7450.63
16493 7074.88
16514.5 7093.1
16537.6 7138.29
16557 6953.44
16572 7239.57
16586.2 7297.78
16600.3 7220.3
16615.1 7475.11
16629.7 6696.25
16646.7 7069.26
16662.2 7279.05
16678.4 6770.65
16694.1 7579.66
16710.5 7466.18
16726.8 6979.8
16742.1 7277.75
16756.7 6785.01
16773.1 7757.9
16788.4 7429.71
16804.6 7207.53
16821.4 7316.03
16843.1 7203.79
16866.3 7372.63
16889 7221.67
16911.3 7336.79
16933.9 7240.35
16957.1 7537.39
16971 6797.7
16981.2 7315.57
17002.9 7041.99
17024.4 7032.37
17046.8 7133.82
17067.9 7115.94
17090.3 6926.99
17113.9 7268.11
17134.8 7324.3
17157 7397.55
17179.5 7194.29
17203.1 7158.45
17224.9 7217.77
17248 6692.08
17270.3 7631.03
17292.4 6942.58
17307.3 7604.33
17319 7355.15
17340.8 7334.8
17362.7 7079.57
17377.5 7242.52
17392.4 7299.22
17408 7286.37
17422.6 7118.6
17436 7003.29
17450.2 7635.74
17463.7 7198.73
17477.9 7265.44
17492 6895.72
17503.8 7071
17517.8 7057.78
17532.3 7141.54
17546.6 7070.65
17561.2 7217.99
17577.2 7091.91
17590.5 7218.74
17606.3 7637.98
17620.2 7395.11
17633.4 7221.41
17647 7092.6
17662.4 6836.52
17677.5 7163.2
17692.4 7200.13
17707.3 7499.49
17722.8 7192.57
17738.1 7373.5
17753.9 7595.44
17769.1 7121.67
17785.7 7588.01
17800.8 7275.85
17816.6 7437.34
17832.1 7321.91
17847.3 7373.98
17862.4 7400.91
17877.5 7017.52
17892.6 7274.24
17907.8 7426.8
17923.8 7090.83
17939.6 7345.47
17955.3 7217.09
17971 6863.25
17985 7577.07
18000.2 7309.03
18014.8 7096.03
18029.8 7195.13
18045.4 7047.08
18058.8 7888.92
18082.7 7292.57
18105.6 6625.77
18129.9 7245.44
18153.6 7352.71
18177.7 7366.68
18201 6971.68
18225.3 7155.67
18246.7 6926.99
18269.3 7101.05
18291.8 7131.75
18313.9 6849.46
18335.7 7307.51
18358.8 7323.94
18380.6 7169.76
18402.5 7111.75
18424.3 7253.59
18439.7 7718.82
18450.5 7520.83
18473.3 7281.67
18494.6 6511.09
18516.8 7403.44
18538.5 7315.51
18561.3 7201.49
18583.9 6911.67
18606.6 6947.77
18627.4 6994.51
18651 7496.95
18673.6 7312.98
18696.7 7354.64
18718.4 7104.31
18741.1 6685.17
18762.8 7078.29
18784.8 6938.77
18808.8 7295.35
18820.5 7035.25
18839.2 7399.08
18860.2 7306.83
18880.8 7029.64
18903.4 6898.51
18926.9 7042.53
18949.3 6990.65
18971.3 7197.58
18993.2 7222.33
19016.5 7251.81
19037.7 7122.11
19060.4 7126.77
19081.7 7076.69
19105 7339.42
19126.1 6999.04
19141.5 6898.55
19151.9 7065.42
19173.5 7582.87
19196.1 7026.6
19219.7 7330.05
19243.2 7066.98
19265.6 7086.87
19286.9 6980.69
19309.1 6952.1
19331.4 7446.42
19353.3 7415.09
19376.1 7274.32
19399 7166.41
19421 7152.71
19443.6 7293.21
19457.9 7047.86
19467.6 7137.85
19490.4 6978.01
19513.2 7270.45
19535.5 6904.99
19557.9 7153.47
19578.8 7146.4
19602.5 7231.6
19625 7068.39
19646.7 6819.88
19668.3 7136.02
19692.4 7383.65
19713.3 7268.3
19736.1 6850.84
19758.7 7075.6
19779.2 7497.75
19790.7 7263.42
19812 7127.3
19832.7 7826.2
19855.8 7185.46
19878.8 6797.65
19902.1 7215.82
19923.7 6587.64
19945.7 7508.16
19968.9 7562.73
19991.9 7284.5
20015 7476.18
20035.5 7265.21
20056.9 7262.36
20079.4 7186.01
20091.3 6888.77
20103.8 7076.33
20116 7167.24
20128.8 6578.78
20141.1 7054.99
20153.9 7266.27
20169.1 6873.21
20188.7 7350.76
20213.2 7581.92
20227.4 7772.74
20239.8 7099.73
20254.5 6993.35
20268.1 7074.56
20282.8 7210.22
20297.7 6704.95
20311.3 6735.47
20325 7001.66
20336.4 6874.73
20351.2 7180.51
20364.3 7421.41
20378.5 6736.55
20392.5 7389.34
20406.9 7065.6
20420.4 7259.92
20435.8 7090.96
20450.5 7142.71
20464.8 7549.24
20476.6 7352.89
20491.5 6731.54
20505.3 7467.66
20518 6816
20532.3 7119.39
20546.1 7264
20559.6 7425.74
20572.4 7182.74
20586.8 7155.01
20600.7 7422.54
20615.3 7125.42
20629.4 6965.98
20642.4 6975.87
20657.2 7200.85
20669.7 7103.75
20683.7 7012.57
20697.4 7433.26
20711 6959.11
20726.7 7030.39
20742.1 7572.62
20757.3 7093.78
20771.4 7263.43
20784.2 6903.5
20798.3 7031.41
20809.9 7094.83
20823.9 7155.16
20838.5 7020.68
20852.1 6914.07
20865.6 6901.62
20878.1 6883.85
20893 6724.22
20905.1 6680.32
20919.3 6984.1
20934.5 6989.34
20948 7096.52
20961.3 6984.21
20976.2 7360.1
20990.7 7179.17
21004.7 6943.86
21020.4 7160.04
21035.5 6684.18
21046.7 6884.63
21060.8 7106.73
21074.7 7389.22
21090.1 7275.96
21104.1 7236.6
21116.6 7312.97
21130.2 7333.26
21142.2 7546.79
21156.2 7559.65
21170.3 6748.51
21184.1 6988.29
21198.6 7086.01
21211.8 6827.38
21228 7486.76
21253.6 7120.88
21277.5 7332.73
21303.8 7237.16
21329.4 7562
21351.9 7219.66
21376.4 7029.18
21400.4 7085.93
21423.9 7229.48
21449.3 6682.35
21472 6785.34
21485.9 6936.85
21499.7 7228.04
21513 7133.54
21528.3 7463.67
21542.7 6991.68
21556.7 7047.42
21570.7 7193.32
21584 7120.3
21597.8 7594.48
21612.1 7026.92
21626.5 7031.12
21641 6765.93
21655.4 6847.22
21668.3 7142.08
21682.5 7027.82
21696.8 7368.95
21711 7094.44
21724.7 7202.31
21738.6 6600.24
21752.2 7325.97
21766.1 7308.87
21780.2 7382.84
21794.1 6923.39
21809.3 7259.98
21824 7101.2
21839.5 7141.09
21854.5 7088.14
21869 6984.4
21884.5 7113.99
21898.7 6560.21
21914 7394.99
21928.9 6890.14
21948.2 7267.19
21971.3 7306.95
21994.6 7151.94
22009.6 6994.01
22022.3 7179.53
22036.3 6978.9
22052.8 6705.83
22066.8 6934.13
22081.5 6939.73
22096.2 7383.29
22111.5 6533.17
22126.8 7319.86
22141.7 7369.17
22157 7034.58
22171.8 7466.02
22186.8 7369.01
22202.5 7281.24
22217.7 7292.38
22232.4 7173.47
22247.3 6956.29
22262.5 7338.75
22277.8 7356.77
22293.5 7237.69
22308.4 7162.82
22324.3 7199.62
22340.3 6884.26
22355.6 7255.69
22370.2 6928.63
22386.6 7357.42
22401 7247.77
22415.4 7342.06
22430.5 7439.47
22445.1 7331.78
22460.4 7137.16
22474.9 7073.96
22490.4 7185.58
22506.3 7112.66
22521.2 7549.22
22536.1 7007.79
22551.5 7222.1
22566.4 7120.01
22582.7 6910.82
22597.5 7160.35
22616.5 7211.68
22634.1 6870.62
22652 7438.26
22666.5 7087.03
22682.7 7150.58
22701.9 7612.86
22720 7173.74
22736.7 7946.75
22754.8 6992.66
22773.2 7089.44
22789.3 7588.38
22807.6 6937.96
22822.8 6537.05
22841 7024.22
22859.8 7099.52
22879.2 7008.15
22895.1 7112.38
22908 7134.34
22926 6941.05
22946 6896.15
22965.1 7131.28
22988.3 7317.08
23003.7 6959.83
23020.2 6698.84
23038.6 6837.12
23058.6 7134.56
23073.9 7075.97
23092.6 7123.62
23112.5 6999.86
23131.5 6818.75
23148.7 7174.92
23165 6812.43
23182.7 7247.29
23201.6 7322.61
23222.5 7120.3
23242 7251.81
23258.8 6582.64
23279.7 6872.43
23298.9 6937.97
23319 6971.85
23340.3 7554.54
23359.8 6810.88
23378.8 6956.69
23398.6 7164.86
23420 6710.9
23433.9 7366.37
23447.4 6718.97
23460.7 7099.11
23474.7 6929.78
23490.3 6861.47
23505.6 6705.35
23521.5 7533.04
23537.8 7040.21
23556.7 7305.84
23576.6 6815.57
23594 7262.14
23611.2 6676.72
23627.3 6565.51
23643.8 6840.64
23661 7321.64
23675.9 7458.11
23692.5 6771.39
23709.1 6788.28
23725.5 7069.46
23742.1 7485.73
23757.7 7285.16
23773.6 7385.56
23791.4 7041.82
23810.3 7154.9
23831.3 7293.51
23849.1 6927.59
23869.2 7500.78
23888.5 7280.83
23909 7078.95
23931 6892.16
23950.5 6992.62
23971.1 7115.53
23990 7220.52
24005.8 7259.16
24026.4 7372.57
24048 7200.25
24069 6912.64
24089.4 6758.67
24108.8 6947.13
24130.3 7089.46
24149.4 7171.55
24169.4 7134.92
24187.1 6807.08
24206.2 6957.02
24223.6 7302.62
24245.6 6972.74
24265.4 7150.27
24283.9 7534.6
24302.9 7222.49
24324.1 6957.52
24341.8 7069.14
24361.7 7224.31
24380.7 7294.9
24399.3 7086.79
24417.4 7213.87
24430.1 7541.28
24446.7 6560.5
24463.3 7148.54
24481.1 7048.29
24494.3 6885.21
24512.7 6920.39
24529.8 7194.16
24549.3 7178.4
24566.8 6896.75
24584.6 7030.41
24602.8 6906.69
24618.7 6606.94
24637.5 7097.7
24657.4 7472.98
24671.6 6908.11
24688.8 7155.01
24706.4 6500.99
24725.3 7067.62
24742.8 7692.22
24760.5 7076.21
24776.5 7333.66
24795 7229.81
24814 7373.37
24831.1 7375.92
24850 7253.87
24869.9 6671.59
24891.5 6803.38
24910.3 6736.3
24930.3 6863.61
24942.8 6747.88
24963.2 7272.37
24980 7218.69
24996.9 6287.56
25013 7341.16
25029.6 6457.26
25041.2 6853.21
25058.3 7001.83
25073.3 7279.02
25090.7 7506.67
25108.7 7361.28
25119.9 7502.18
25135 6947.72
25153 7150.84
25172.7 7052.65
25188.5 6958.15
25206.7 7038.13
25222.8 7164.53
25239.1 7109.18
25257.1 6765.84
25274 7016.94
25291.6 7240.6
25309.7 7035.08
25326.7 6992.5
25344.9 6418.26
25362.4 7503.62
25381.2 7089.72
25396.3 6901.19
25408.4 6822.36
25426.5 7130.99
25443.6 7454.74
25460.3 7157.75
25477.6 7128.99
25494.3 7487.36
25509.1 7190.31
25526.3 7106.87
25542.9 6977.13
25559.4 7249.06
25577.7 7082.72
25593 7259.3
25609.1 6913.87
25621.8 7037.83
25639.2 7159.39
25655.9 7014.53
25673.8 6625.92
25688.4 6948.31
25704.4 7231.82
25727.3 6947.19
25746 7090.47
25764.9 7324.1
25780.3 6837.75
25798.8 7280.97
25816.3 6814.08
25833.7 7321.93
25852.6 7131.53
25870.3 7049.17
25888.5 6704.87
25906.5 6946.06
25923.3 7187.68
25940.3 7128.32
25959.3 7204.5
25975.2 7337.02
25992.3 6750.29
26007.8 6922.06
26023.1 7215.62
26040 6688.52
26060.2 6819.08
26079.5 7237.35
26096.1 6937.28
26114.8 6702.66
26131.4 7026.29
26147.1 7310.32
26161.3 7144.65
26177.4 6671.64
26194.7 6700.1
26209.2 7161.03
26224.7 7472.37
26242.6 6905.16
26257.9 6542.39
26276.5 6633.98
26294.2 6768.42
26313.6 6973.17
26332.2 7054.77
26351 7296.54
26365.3 7224.51
26382.5 6709.19
26400.2 6873.55
26416.9 6648.62
26437.4 6939.91
26453.4 7108.96
26468.7 6879.51
26485.5 6967.63
26502.5 6734.75
26520.2 7202.16
26541 7308.14
26560.3 7277.5
26576.4 6734.22
26593 6710.4
26609.8 6668.04
26625.3 6919.85
26641 7157.87
26656.9 6920.67
26671.2 7229.12
26688.3 7080.5
26705.6 6954.9
26719.6 6957.34
26739.8 7435.05
26756.9 7150.91
26771.1 7128.84
26790.4 7040.65
26807.8 6970.08
26825.7 6969.02
26844.4 7213.86
26861.7 6594.75
26879.3 7143.79
26895.5 7011.16
26912.8 7357.27
26932.9 6921.72
26951.8 6933.66
26968.5 7294.6
26987.8 6980.03
27004.7 7124.15
27026.6 6823.74
27043.1 7051.15
27061.1 6781.37
27077.8 7321.2
27096.6 6734.39
27113.6 7014.68
27132.1 7191.82
27147.8 6571.52
27163.6 6864.93
27181.9 7024.02
27199.2 6977.99
27214 7120.9
27230.3 7062.39
27247 7139.23
27263.3 7417.89
27279.8 7023.38
27296.6 7173.97
27311.2 6878.97
27328.4 6828.75
27348 6772.57
27366.8 7107.94
27381.7 6845.24
27403.9 7159.99
27425.8 7149.54
27442.9 6793.08
27465.4 6464.88
27485 6927.53
27503 6678.52
27525.3 6991.76
27546.5 7555.67
27567.5 7081.25
27589.3 7324.81
27605.5 6930.63
27623 7445.51
27641.1 7118.28
27659.2 6812.15
27679.3 6984.58
27701 7116.58
27723.3 7216.18
27743.4 7029.11
27760 6762.76
27777.2 7352.11
27797 7159.81
27816.3 6750.22
27838.3 7142.67
27858.4 6618.96
27877.4 6891.07
27896.4 7254.24
27916.9 7385.89
27936.3 6938.07
27956.7 7068.45
27976.8 7433.44
27995.9 7064.3
28016 7409.36
28034.8 7246.06
28057.9 7547.23
28078.6 7082.04
28097.8 7017.08
28116.4 6920.55
28137.2 7093.64
28156.6 6837.93
28176.5 7220.32
28194.8 7053.67
28214 7095.57
28232.8 7007.37
28251.8 7443.64
28272.4 6419.82
28292.5 6785.38
28310 7264.09
28326.5 7339.52
28342.7 7425.59
28360.3 7008.44
28382.6 6865.31
28404.9 7173.68
28423.6 7211.32
28440.8 7007.68
28457.1 7175.22
28473 7050
28493.8 7251.43
28511.8 7336.25
28530.3 6788.39
28550.2 7074.44
28568.8 6927.24
28584.2 7140.08
28599.9 7285.29
28617.8 7202.93
28635.9 6806.69
28655.4 6968.1
28676.4 7196.06
28689.8 6937.82
28708.8 6986.95
28726.7 7450.27
28743.1 6768.62
28764.6 7282.82
28782 6934.86
28799.8 7380.02
28819.6 7244.35
28838.7 6792.76
28857.2 7134.43
28870.3 6918.32
28882.2 6820.1
28900.3 7223.37
28915.6 7263.83
28934.4 7088.56
28950 6897.23
28967.4 7165.63
28987.1 7274.87
29004.7 7009.93
29022.8 7039.03
29035.2 7317.15
29052.7 7405.68
29072.1 6787.23
29089.8 6905.53
29107.1 7254.92
29127.1 7024.52
29144.5 6782.28
29158.1 6977.58
29176.5 7499.37
29194 7200.07
29214.2 7339.02
29231.4 6663.59
29250.9 6984.96
29270.6 7014.75
29285.2 6800.89
29303.9 6972.5
29322.2 7027.67
29340 7303.37
29355 7132.7
29374.8 7002.31
29393.9 7358.56
29411 7054.37
29431.3 7109.14
29448.4 7035.32
29465.7 6991.05
29483.6 6988.98
29502.2 6630.5
29516.9 6717.22
29532 6787.7
29548.2 7022.97
29563.7 6840.23
29582.2 6909.15
29598.7 7054.91
29617.9 6590.47
29639 7254.16
29659.6 7340.15
29676.5 7078.55
29694.2 7243.33
29710.6 7265.8
29726 6891.29
29743 7293.21
29761.8 7237.78
29780.3 7006.92
29799.1 6671.62
29818.8 6567.58
29833.5 6956.95
29851.6 6824.18
29866.4 7181.16
29884.5 7239.35
29903.2 7190.79
29918.3 6947.64
29936.9 6948.96
29952.9 6929.89
29969.8 6923.42
29992.7 6970.15
30012.6 6952.21
30032.5 6972.16
30050.7 7131.85
30069 6627.39
30088.7 7138.84
30106 7175.11
30126.4 7047.06
30142.4 7097.95
30159.6 7074.99
30177.5 7332.37
30195.8 7152.12
30214.2 7238.66
30232.6 7163.31
30247.6 6956.55
30267.3 7012.8
30287.2 6560.26
30306.2 7124.31
30320.9 6953.37
30341.7 7429.9
30361 6985.02
30378 7103.73
30394.3 7204.09
30411.5 7363.12
30429 6924.91
30443.4 6695.56
30462.9 6936.07
30480.2 7521.16
30496.5 6945.43
30510.8 6620.01
30527.2 6648.56
30545 7176.12
30560.4 7107.63
30579.4 6614.53
30597.4 6676.4
30618.9 6808.2
30635.8 7430.68
30653.6 6795.07
30669.6 7280.57
30683.6 6968.57
30701.9 6867.64
30718.9 7019.34
30735.5 6928.29
30755.2 7083.93
30771 7192.56
30789.5 6935.38
30807.4 7322.93
30825.6 6937.79
30843.3 6960.02
30861.3 7098.28
30878.3 7293.47
30892.9 7152.6
30911.5 7046.03
30927 6857.84
30945.4 7186.31
30964.6 7122.62
30983.1 7311.94
31001.6 6950.4
31017.1 6927.37
31037.5 6962.33
31056.6 7091.65
31077.1 7092.27
31095.6 7106.44
31116.3 6978.86
31132.7 7683.86
31148.2 7099.45
31164.4 6938.52
31182 7323.21
31199.7 7035.37
31218.8 7353.94
31234.9 7030.16
31253 6738.69
31270.8 7109.61
31291.9 7105.19
31309.8 7097.86
31330.1 6720.89
31347.4 6616.44
31364.2 7121.07
31384 7195.68
31398.5 7050.4
31419.4 7107.35
31440.1 6936.29
31457.1 7428.39
31475 7133.74
31495.4 7007.7
31512.2 6931.93
31527.3 6972.61
31550.1 7141.29
31573.5 7069.67
31592.8 6922.92
31608.6 6921.43
31629.6 7034.25
31648 7031.77
31662 7258.29
31680.2 7323.73
31698.5 6780.94
31715.7 7120.67
31738.9 6902.78
31756.2 6801.58
31775.2 6959.24
31791.4 7300.68
31810.7 7466.54
31829.2 6807.39
31848 6626.71
31867.6 6832.18
31886.2 7026.27
31904.2 6831.91
31923.9 7366.99
31941.7 6575
31962.8 6837.96
31979.4 6740.15
31999.9 7205.45
32019.5 7363.28
32038.4 7556.63
32053.4 6931.65
32070.2 7126.07
32087.6 6848.08
32104.4 7098.07
32122.3 6812.33
32140.2 6866.68
32159.4 7305.6
32178.1 6902.85
32192.1 7524.88
32211.5 6933.22
32231.3 6857.84
32244.2 6946.45
32260 7531.5
32275.5 6719.42
32292.5 7069.98
32310.2 6734.18
32327.7 6875.74
32344.2 6829.76
32360.9 7009.2
32380.3 6886.37
32398.8 7429.19
32416.9 6674.92
32435.6 7054.34
32456.2 7048.49
32474.6 6976.77
32493 6821.18
32512.3 7148.97
32528.1 7297.44
32545.8 6933.89
32565.8 6895.14
32584 7160.17
32600.6 6659.44
32618.3 6930.66
32633.2 7226.59
32652 7235.98
32666 6840.21
32685.3 7339.44
32708.5 6822.89
32725.6 7290.74
32742.9 7086.3
32763.4 6876.08
32784.5 7060.14
32799.1 7201.29
32814.5 7374.23
32833.4 6872.91
32854 6962.63
32871.9 6907.44
32888.9 7183.21
32909.1 7241.81
32925.3 7205.01
32940.5 6964.76
32958 6806
32979.6 7353.88
32998 7279.01
33017.8 7254.28
33037.2 6955.63
33054.6 6926.98
33067.6 7008.36
33087.3 6930.25
33103.2 7262.49
33120.2 7281.32
33135.9 7289.66
33160.1 7024.77
33178.1 7088.76
33193.2 6689.68
33209.9 7060.92
33227 7046.14
33242.5 7455.21
33259.1 7680.41
33274.6 7333.08
33287.8 6770.08
33304.1 7026.43
33319.4 7344.33
33335.6 7050.06
33354.1 6593.16
33370 6978.14
33388.6 6493.84
33405.8 6963.51
33424.6 7075.65
33442.9 7189.62
33458.7 7661.36
33476 6913.58
33491.6 6946.93
33508.3 6992.85
33526.4 7371.78
33547.4 7236.01
33567.3 7025.87
33584.7 6990.54
33603.2 6721.42
33622 6980.56
33640.5 6589.02
33658.8 7018.1
33680.1 7238.97
33696.5 6935.8
33713.3 7365.79
33729.7 7072.04
33747.4 6820.87
33764.3 6918.45
33784.7 6767.23
33798.5 7043.79
33814.7 6795.35
33831.1 7335.27
33848.4 7437.08
33865 6972.74
33883.3 7339.39
33902.6 7234.47
33921.2 7385.03
33941.3 7171.37
33959.1 6875.04
33977.4 7530.63
33995.3 7438.12
34012.8 7237.38
34032.2 7282.73
34053.6 6922.78
34071.2 6751.93
34090.5 7235
34103.5 6807.08
34120.5 6695.74
34138.3 6707.24
34153.3 7138.39
34169.6 7140.53
34183.7 7285.69
34202 6851.77
34219.2 7135.06
34233.3 7020.91
34247.9 7239.26
34267.4 6818.05
34286.6 7236.65
34304.7 6780.99
34322.6 7070.96
34339.7 7263.73
34354 7575.83
34370.5 6883.78
34384.9 6716.78
34402.3 6830.77
34418.2 6908.68
34435.3 7364.01
34454.8 6779.7
34469.7 6614.08
34488.3 7638.2
34504 6790.09
34520.7 6811.38
34539.9 7133.98
34557.3 6878.32
34576.5 7441.86
34592.4 7084.26
34610.3 6968.25
34629.8 7214.05
34647.3 7051.21
34660.7 7075.19
34676.6 6970.26
34691.5 7166
34711.2 6882.5
34727.7 7123.69
34743.8 7086.52
34759.2 6694.26
34778.7 7209.14
34795 7264.5
34808.6 7230.32
34824.8 6616.71
34846.8 7076.07
34862.9 6900.74
34882.4 6796.61
34901.6 7171.26
34919.2 6755.98
34934.9 7265.93
34950.7 6988.13
34970.5 6841.98
34986 6868.82
35002.8 6748.2
35022.3 7235
35039.4 6727.77
35056.1 6968.57
35073.9 6712.71
35093.5 7402.08
35112.6 6850.44
35128.6 7211.52
35146.6 7418.57
35163.7 7271.48
35181.2 7275.15
35198.1 6755.22
35213.2 7087.91
35229.7 7203.87
35248.4 6931.39
35267.2 6784.4
35283.7 6845.81
35301.2 7047.47
35314.6 7129.36
35333.6 7214.97
35348.4 6880.06
35366.7 7150.18
35382.4 6944.58
35397.5 7223.2
35413.9 6929.15
35429.8 7293.41
35445.5 6771.77
35458.3 6906.99
35475.5 6929.8
35491.3 6644.21
35511 7112.62
35528.5 7190.38
35546.8 7089.67
35563.7 7422.62
35582.4 6647.05
35598.2 7130.08
35616.4 7110
35630.9 6857.59
35650.1 7098.57
35663.5 6983.56
35681.4 6910.15
35699.1 6889.19
35717.4 7249.78
35732.3 6975.5
35746 7268.06
35765.9 6624.41
35784.7 7145.74
35801.2 7067.66
35818.8 6888.98
35838.2 6967.18
35855 7047.64
35872.7 6987.83
35884.2 7206.55
35900.6 6730.95
35920.2 7311.48
35941.9 6947.95
35960.5 6993.21
35978.7 7161.19
35995.4 7005.59
36011.5 7240.19
36026 6731.35
36039.9 6959.65
36057.6 6560.07
36074 7630.18
36093.7 6956.57
36113.8 7081
36135.3 7348.52
36153.4 7046.24
36169 7063.25
36183.2 7024.38
36199 6997.56
36217.7 7118.9
36232.1 6939.54
36250 7015.19
36266.8 7012.55
36283.8 6901.34
36301.4 7476.48
36315.9 6961.73
36331.6 7281.13
36346.9 6973.19
36364.9 7262.89
36386.4 7192.35
36404.8 7041.56
36422.2 7242.46
36436.3 6957.25
36452.2 7337.24
36468.7 6834.6
36487.2 7046.19
36504.4 7119.99
36521.9 6865.73
36538.1 7233.18
36555.6 6970.06
36576.3 6791.1
36595 7173.78
36612 7123.12
36627.4 6889.63
36645.6 7152.31
36662.9 7109.35
36676.2 6740.13
36694.3 6579.29
36713.9 6838.14
36732.4 7890.18
36749 7479.22
36766 7127.21
36782 6836.99
36802.6 7469.93
36815.3 7280.09
36829.7 7049.33
36851 6790.18
36866.5 6955.86
36883.1 6909.34
36899.7 6962.36
36915.2 6822.44
36933.2 6689.16
36951.4 6992.85
36970.2 7288.5
36990.7 7126.75
37008.5 7036.57
37025.5 6432.09
37042.1 6961.77
37060.3 6978.94
37076.4 6701.58
37092.4 7120.43
37107.6 7109.56
37122.4 6615.42
37138.8 6877.19
37153.9 6838.34
37167.1 6815.24
37185.4 6867.97
37199.4 7116.33
37218 6991.54
37234.9 7203.11
37248.7 7386.1
37266 7018.62
37283.5 7081.47
37296.8 6491.9
37314 7318.1
37332.3 6873.51
37353 7173.45
37370.8 6917.33
37386.7 6860.77
37404.5 6753.24
37423.2 6777.01
37439 7144.28
37460 7444.9
37479.7 6620.56
37498 7142.88
37513.8 7096.21
37528.9 6637.86
37540.6 7299.11
37556.9 6884.6
37572.9 6600.62
37589.3 6826.81
37604.8 7219.24
37623.8 7188.2
37640.8 7003.5
37656.8 6850.06
37673 6842.87
37689.9 6585.9
37706.2 6817.25
37721.9 7481.23
37740 7072.59
37758.5 6725.51
37777.8 6904.19
37795.8 6772.3
37810.7 6682.55
37823.8 7307.53
37840.3 7242.97
37857.9 6997.73
37873.5 6846.12
37891.3 7068.41
37906.7 7029.72
37925.2 7140.88
37943.8 6656.56
37960.6 6769.73
37975.7 7283.18
37993 7209.87
38010.2 7095.39
38029.3 6898.54
38046 6851.28
38059.8 7184.15
38074.5 7096.3
38091.1 6792.31
38107.9 7125.12
38126.3 6757.55
38142.4 7347.67
38155.8 6852.64
38170.4 6791.66
38186.8 7265.24
38201.2 6978.5
38218.1 7061.5
38233.4 6798.44
38252.2 6910.04
38268.5 7361.4
38284 7420.8
38302.2 7452.94
38319.9 6916.78
38334.4 6462.14
38348.7 6837.46
38364.6 7354.04
38382.2 6570.98
38401.9 7242.43
38421.6 7197.23
38438 6466.62
38455.5 6918.06
38472 6729.32
38485.6 7473.51
38502.1 7067.57
38515.7 7005
38534.1 6942.36
38551.8 6404.55
38569.4 6788.23
38585.2 6794.85
38599.4 6861.82
38614.2 7152.51
38630.1 6888.17
38646.4 7125.52
38665.9 7134.75
38682.9 6970.93
38698 7010.71
38716.8 6789.84
38736.1 7268.12
38751.3 7090.84
38772.8 6925.39
38788.4 6854.74
38805.8 7372.1
38822.8 6898.17
38842.9 6923.4
38860.4 6666.57
38878.6 6999.29
38894.5 7121.86
38911.4 7119.59
38926.1 7205.17
38937.2 6658.36
38955.8 6555.44
38973.1 7273.03
38990.4 7456.9
39005 6906.57
39019.8 7094.54
39038.3 7272.46
39056.3 6867.9
39073.1 6702.52
39089.4 7067.79
39103.4 6911.77
39117.7 7087.01
39134.7 6658.58
39150.3 6774.29
39164.7 7263
39179.9 7122.65
39197 6580.05
39215.2 6994.97
39229.7 7436.05
39247.3 7284.64
39264.6 6795.86
39282.2 7436.41
39301.5 6991.81
39321.4 6661.12
39338.6 6997.56
39352.3 6968.55
39373.1 6967.49
39386.1 6860.67
39400.8 6998.62
39418.5 6761.65
39435.6 7349.63
39448.8 6453.48
39465.3 6778.1
39482.8 6815.43
39501.8 6900.44
39516.4 7260.9
39539.1 6634.81
39552.1 6870.1
39571.9 6949.57
39589.9 6718.72
39603.7 7177.84
39619.5 6846.82
39635.8 6874.51
39651.8 7111.12
39671.9 6823.01
39691.3 6643.6
39708.2 6870.31
39723.3 6673.58
39739.2 6950.56
39757.1 6761.28
39770 7030.07
39783.6 6793.25
39800.8 6455.93
39817.4 7056.25
39834.6 6793.76
39849.8 6953.68
39863.2 7030.28
39879.6 7141.16
39897.1 7693.89
39913.5 7039.44
39930.6 7405.66
39947.4 7182.05
39964 6639.65
39980.7 6497.83
39997.7 6676.33
40013.7 6555.2
40033.4 6689.99
40049.8 6894.71
40067.1 6904.1
40080.2 6890.77
40099 6858.08
40114.3 6699.08
40130.4 7188.93
40145.5 7183.96
40163.2 7194.09
40180.9 7001.35
40197.9 7365.72
40213.7 7071.77
40228.9 7189.36
40245 6893.08
40266.1 6782.97
40282.7 6924.34
40301.7 6775.92
40312.8 6525.76
40329.5 7585.33
40348.9 6695.82
40362.6 7413.44
40378.6 6781.11
40394.8 7288.02
40409.7 6994.95
40430.6 6706.66
40447.1 7113.31
40465.5 6678.28
40483.5 6781.86
40501.8 7508.78
40517.9 7182.11
40533.9 6674.56
40551.1 6630.6
40566.3 7170.9
40581.2 7403.98
40598.8 6976.26
40611.2 7090.19
40628.2 7027.88
40645.3 7104.88
40661.4 7160.36
40681 7241.68
40695.3 7022.22
40711.9 7106.93
40729.1 6904.04
40747.3 7216.14
40763.5 7319.36
40779.4 7116.59
40795.1 6865.94
40810.2 6766.6
40830.3 7067.52
40854 6965.07
40868.2 6889.8
40886.3 6971.84
40903.5 6939.58
40919.9 6623.42
40936.1 7004.42
40950.9 7166.07
40969.4 6555.89
40987.3 6638.04
41006.3 6851.51
41019.2 6775.47
41036 7380.13
41050 6701.31
41067 6852.21
41082.7 6776.21
41099.3 7066.7
41115.5 7202.23
41137.8 7106.34
41155.5 7231.67
41169.7 7129.75
41185.6 6897.18
41204.8 6687.38
41221 7312.17
41239.4 7146.28
41251.4 7036.86
41267.6 7171.76
41283.2 6913.83
41300.8 7129.37
41317 7249.05
41333.9 7187.87
41355 6547.04
41371.9 7164.59
41388.8 6926.17
41401.7 7628.28
41416.8 6835.35
41436.7 6677.5
41454.1 7055.77
41472.7 6859.34
41489.8 7206.62
41504.9 6679.33
41522.1 6849.8
41543.6 7084.02
41560.9 7001.84
41570.9 7099.17
41587.1 6724.69
41606.2 6938.44
41625.2 6771.38
41642.6 6812.32
41660.8 7066.25
41675.7 7116.6
41692.1 6770.87
41707.3 6932.42
41720.8 6976.4
41735.7 6661.83
41752 7192.1
41768.1 7124.76
41784.5 6978.92
41802.9 7073.44
41816.9 7479.16
41835 7292.32
41856.1 6843.92
41872 7284.72
41891.5 6920.86
41911.8 7393.71
41930.9 7096.31
41948.3 7184.76
41967.5 6439.52
41986.9 6766.67
42004.2 6373.48
42021.1 7172.58
42038.7 7001.39
42054.3 6962.02
42068.2 6885.42
42083.2 7271.36
42101.3 6900.13
42120.6 7141.91
42136.1 7508.74
42152.9 7007.03
42169.5 6816.24
42189.8 6780.27
42207.9 7107.72
42219.2 7215.77
42242.2 7207.45
42260.1 6588.24
42277 7012.45
42294.4 6917.76
42310.9 7155.08
42330.4 7024.88
42347.6 6915.45
42368.4 6923.91
42385.2 6629.64
42398.3 6875.26
42414 7164.95
42432.8 6474.7
42450 6881.07
42465.2 6806.33
42479.7 7093.55
42496.4 6171.5
42512.6 7111.51
42532.4 6959.3
42551.3 6885.61
42565.5 6798.62
42580.6 6664.74
42598.6 6753.41
42614.8 6790.93
42631.1 7281.02
42649.7 7015.57
42667.4 7014.37
42686 6915.72
42704.7 7012.79
42722.1 6809.39
42737 6903.05
42752.5 6907.87
42768.5 7059.45
42786.3 7182.61
42802 6913.51
42814.8 6835.69
42832.8 7216.79
42848.8 7127.34
42863.9 6733.22
42876.8 7321.83
42891.4 6781.06
42914.3 7289.95
42932.8 7247.09
42945.8 6824.98
42960 6997.7
42978.8 7013.82
42995 6870.43
43012.6 6970.42
43029.3 7232.17
43048.4 6884.06
43064.7 7022.25
43082.7 6604.2
43099.4 7027.3
43119.1 6425.01
43135 6760.4
43151.5 6738.68
43166.8 7093.92
43183.8 6862.15
43200.2 7338.4
43217.3 6986.98
43233.6 6568.5
43247.7 7075.1
43264.8 6758.11
43285.5 6939.12
43300 6774.88
43316.2 6670.55
43332.8 6717.11
43351.3 7106.45
43371.6 7217.24
43384.9 6900.67
43401.4 7307.07
43419.8 6620.04
43437.1 7032.67
43455.6 7042.5
43476.9 7346.62
43495.2 6627.81
43509 6880.72
43526.4 7132.34
43541.1 7221.02
43558.4 6901.88
43576 6649.93
43595.6 6936.55
43611.2 6588.9
43628.9 7089.99
43648.1 7280.46
43665.4 7029.54
43682.7 6612.21
43700 7175.26
43716.9 6793.22
43732.9 7005.42
43751 7070.33
43767.3 6870.17
43786.4 6708.05
43804.2 7728.2
43823.1 6561.85
43840.7 6507.35
43859.7 7158.73
43874.2 6559.94
43891 7497.66
43907.7 7180.59
43929.8 6623.36
43946.1 7248.74
43965.5 6951.08
43984 7124.53
44003 7046.41
44022.2 7059.33
44039.5 6380.29
44058.2 6964.05
44078.4 6785.98
44092.9 6644.66
44109.7 6947.9
44127.4 6751.77
44146 6660.9
44160.3 7149.73
44177.9 6706.13
44190.7 6741.01
44205.2 6532.03
44223.8 6921.57
44239.8 7137.77
44254.7 6770.25
44272.1 6830.55
44290 7174.19
44309 6770.17
44325.2 6996.31
44344.3 6814.29
44364.8 6969.68
44383.2 6979.07
44400.6 7205.51
44418.3 7134.68
44436.6 7173.31
44453.8 6787.58
44465.7 6882.85
44482 7166.45
44500.1 6727.47
44517.2 7156.04
44532.4 7126.1
44548.5 7133.15
44565.1 6488.3
44583 7312.47
44602.6 6825.92
44619.4 7037.96
44633.4 6836.78
44653.3 7117.6
44670.4 7161.36
44685 7236.66
44704.5 7139.64
44719.9 7260.19
44740.6 6915.27
44758.1 6696.91
44772.2 6680.63
44788.1 6583.82
44806.9 7033.54
44824.3 6618.53
44843.2 6721.07
44863.8 7103.36
44880.7 6869.49
44900 6884.69
44916 7311.22
44932.3 6744.3
44945.6 7001.34
44961.6 7038.02
44978 6899.3
44996 7044.11
45009.8 6978.88
45027.4 6717.95
45046.7 6898.38
45064.5 7713.07
45080.9 7236.89
45097.8 7123.21
45113 7066.52
45128 6885.08
45144.4 7121.22
45161.9 7364.93
45178.1 6984.09
45193 7023.55
45209.5 6788.27
45229.5 7022.12
45242.8 6974.68
45259.7 7008.16
45273.6 6771.43
45291.3 6991.41
45308.5 6983.65
45327.8 7181.05
45346.2 6905.41
45364.7 7196.92
45379.2 7176.92
45394.6 6704.54
45410.3 6907.01
45430.4 6817.27
45448.5 6820.89
45467.1 6903.6
45487.3 6805.91
45504.2 7117.31
45519.5 6934.32
45535.7 6961.57
45549.3 7104.04
45567.5 7197.47
45585 6749.09
45600.9 7082.09
45616.8 7083.1
45629.6 6191.99
45643.4 6996.13
45663.6 6638.11
45679.6 6697.78
45695.6 7118.57
45712.1 6829.66
45731.5 6917.73
45750.6 7035.62
45766.3 7422.3
45782.9 7219.14
45797.6 6870.83
45814.2 7240.78
45832.6 7273.62
45846.2 6715.38
45864.9 6959.73
45881.8 6986.09
45896.1 6933.91
45912.6 6776.73
45927.2 7051.09
45942.8 6917.43
45959.4 6759.3
45973.3 7056.24
45991.9 7324.02
46009 6790.21
46027 6980.36
46047.3 6460.01
46066.8 6724.07
46080.8 7292.21
46097 7202.36
46114.5 7178.3
46132.1 7267.56
46149.9 7326.68
46167.3 7110.35
46180.6 6996.93
46198.1 7398.77
46210.8 7316.85
46221.9 7224.53
46235.2 7150.48
46249.9 7049.85
46263.2 7223
46280.5 7049.47
46298.2 6714.69
46315 7010.17
46332.9 6971.35
46350 6975.37
46366.7 6800.57
46385.9 6573.54
46402.9 7252.36
46422.2 7137.74
46440.1 6716.28
46456.1 7302.76
46475.8 6628.59
46490.7 6768.83
46511.9 7185.05
46529.7 7089.78
46548.4 6900.99
46564.4 6965.25
46580.2 6770.6
46596.4 6788.02
46616.9 6976.06
46633.2 6954.9
46651.4 7199.79
46669.6 7324.86
46688.2 6906.76
46707.6 6952.37
46725.5 7340.24
46744.1 6764.59
46765.2 6954.29
46786.3 7285.77
46805.6 7107.51
46823 6388.35
46844.5 6850.43
46860.8 7151.27
46878.2 6481.86
46897.9 7222.42
46914.9 7189.07
46936.3 6499.32
46955 6983.09
46975.6 6635.14
46996.2 6972.84
47016.3 7342.33
47035.9 6744.42
47054.4 6929.1
47074.3 7152.08
47090.9 6952.12
47108.5 6881.62
47126.4 7075.91
47147.1 7109.09
47165.5 6883.8
47184.1 6846.72
47202 6592.35
47220.6 7213.26
47239.8 7000.52
47256.5 6769.11
47275.8 6561.22
47291.9 6800.14
47310.6 7268.3
47332.2 6435.52
47350.7 7056.66
47366.6 6571.08
47384.7 7162
47403.4 7274.72
47424.2 6384.63
47442.3 7119.82
47460.7 7504.95
47481.8 6816.24
47498.4 7460.63
47514.6 6861.27
47535.4 7419.04
47556.3 6849.88
47573.1 7542.93
47594.5 6933.1
47613.4 6711.69
47629.4 7029.65
47646.5 6664.78
47663.5 6913.36
47675.9 6680.7
47693 6947.93
47710.3 7440.32
47725.6 7112.63
47743 6746.93
47759.6 6986.75
47775.4 6695.3
47794.8 6859.59
47811.8 6960.66
47832.2 7305.82
47848.4 6774.67
47862.1 6996.17
47879 7202.73
47897.8 7021.13
47920.9 6827.94
47940.2 6996.63
47959.6 7181.51
47979.3 6800.54
47997.3 6957.27
48016.6 6917.41
48036.1 7232.48
48054.6 7070.19
48070.3 6957.62
48088.5 6727.05
48106.3 6985.84
48125.6 6928.95
48146.3 7025.69
48162.2 7011.06
48180.9 7225.83
48197.1 7283.72
48212.9 6580.31
48229.5 6864.02
48243.2 6960.2
48260.5 6588.75
48276.8 7269.5
48294.6 6928.55
48312.6 7369.84
48333.2 7008
48351.6 7169.78
48367.4 7042.27
48383.5 7332.57
48402.4 6643.29
48420 6939.11
48436.8 6935.49
48454.5 7114.95
48471.7 6923.06
48487.6 6870.89
48505.9 6937.91
48523.5 6814.93
48541.9 6989.26
48561.2 6840.67
48579.1 6576.43
48599.6 6456.42
48618.9 6628.74
48634.8 7185
48654.7 7136.37
48674.1 7176.47
48689.3 6360.23
48707.4 7320.01
48724.7 7328.42
48744.7 7361.77
48763.2 7047.36
48782.8 6985.85
48800.1 7090.64
48819 6830.39
48835.8 6898.32
48856.5 7024.2
48873.9 7143.58
48891.7 6984.98
48912 6703.36
48927.3 6707.65
48949.7 6989.86
48967.5 6702.27
48985.9 6866.45
49002.5 7187.3
49021.5 6737.76
49038.8 7089.78
49057.1 7455.97
49075.2 6560.69
49094.3 7274.63
49113 6900.88
49129.4 7287.2
49147.7 6810.6
49166.1 6731.27
49180.8 6937.58
49197.2 7264.84
49216.2 6404.85
49232.9 6573.31
49249.9 7204.72
49268.5 6529.36
49284.7 6860.64
49303.1 6833.44
49318.8 7130.62
49332.6 6679.57
49351.5 6822.88
49368.7 7122.98
49386.4 7148.59
49401.4 6957.44
49419.9 7011.46
49440.5 6925.12
49459.1 7038.9
49479.3 6727
49496.8 6864.11
49514.1 7074.93
49531.5 7318.58
49546.8 6906.83
49564.8 6514.99
49585 6662.11
49605.2 7058.5
49623.3 6777.8
49639.8 7052.59
49655.1 6767.77
49674.2 6719.73
49690.7 7065.46
49707 6949.52
49726.8 6826.38
49744.5 7042.97
49761 6858.74
49778.2 7004.32
49796.1 6851.05
49815.2 7307.59
49836.9 7194.49
49855.2 7090.58
49875.6 6822.02
49892.1 7066.49
49906.6 7058.52
49925.4 7202.76
49944 6452.98
49963.4 6672.3
49981.8 6797.58
49999.7 7243.62
50015.2 6899.67
50034 6664.38
50053 6894.42
50073.7 6721.17
50089.5 7099.83
50104 7556.03
50123.4 6815.44
50141.1 6937.85
50157.9 6876.01
50174.5 7257.23
50188.3 7023.92
50208.4 6990.45
50230.8 6629.98
50251.1 7274.44
50268.7 6891.33
50283 7097.44
50302.2 6986.22
50319.4 6636.36
50336.5 6672.32
50354.8 6850.17
50373.3 6699.72
50391.3 6739.79
50407.2 7385.69
50426.8 6815.01
50447.6 7291.76
50464 7018.47
50480.6 7204.85
50498.6 6786.99
50516.8 7163.98
50534.9 7132.79
50552.3 6426.57
50568.1 6737.99
50582.8 7100.38
50602.2 6897.54
50622.2 6958.46
50637.2 6788.96
50655.5 7159
50670.3 7189.31
50687.5 6605.73
50706.6 7000.21
50725.3 6842.13
50742.6 7026.85
50762.1 6862
50780.9 6989.76
50799.6 6889.32
50818 6895.96
50834.7 6587.39
50852.4 6923.69
50870.9 6995.22
50889.7 6583.89
50907.4 6868.91
50924.5 6833.25
50939.8 7051.48
50956.3 6896.14
50976.1 6855.86
50994.4 7134.71
51011.5 7331.28
51026.9 7031.02
51046.9 7216.99
51065 6974.94
51084.3 6828.57
51103.7 7210.21
51123.8 6838.85
51139.3 6644.5
51157.2 6947.08
51175.4 6961.85
51192.8 6496.95
51208.5 6706.72
51227.3 6971.82
51244.9 7655.73
51260.3 7274.98
51276.3 6614.2
51296.7 6611.87
51316.3 6976.67
51333.1 6870.84
51346.5 7085.07
51364.6 6734.46
51383.2 6837.21
51398.4 6459.59
51415.7 6664.16
51436.8 6923.61
51456.9 7089.6
51475.8 6762.69
51492.8 6844.15
51513.7 6549.59
51529.9 7320
51548.4 7242.61
51566.2 7014.44
51583.2 7533.24
51603.2 6840.97
51620.2 6759.8
51638.9 7354.47
51656.1 7204.68
51672.8 7054.7
51690.5 6930.47
51709.5 7070.82
51727.2 7083.81
51744 6791.98
51759.3 7062.94
51777.5 6968.91
51792.2 6983.91
51812.4 6857.02
51833.2 6749.01
51851.2 6736.07
51867.2 7140.98
51886.3 6786.04
51905.7 6857.24
51923.8 7104.46
51937.6 7021.22
51956.7 7043.69
51973.4 6665.08
51987.3 7063.3
52002.7 6958.55
52023.2 6983.27
52040.7 6968.97
52059 6669.86
52078.2 6871.49
52092.7 6981.34
52109.6 7197.26
52122 7109.96
52139.3 7338.46
52161.4 6760.38
52174.6 7040.46
52192 6741.56
52209.8 7211.04
52229.8 7199.08
52247.7 7438.71
52263.9 7105.83
52282.2 7140.97
52299.8 7116.11
52308.4 7098.52
52324.7 6868.43
52340.5 7058.18
52357.5 6469.49
52373.5 7108.14
52388.1 6673.32
52403.4 7163.41
52423.3 7286.72
52440.2 6958.96
52456.8 6696.56
52473.3 7008
52493.7 6836.69
52509.9 7035.82
52531.7 7253.24
52552.2 7118.81
52570.3 7097.92
52585.7 7038.7
52603.6 6601.22
52622.7 6686.56
52639.7 6941.72
52655.2 7067.78
52671.6 6720.13
52689.4 6965.85
52704.2 6695.78
52725.4 6867.38
52738.3 7135.14
52753.5 6851.78
52771.3 7113.19
52788.4 7145.75
52808.4 7203.85
52826.9 6803.14
52842.1 6580.49
52859.8 7317.3
52877.3 7202.26
52892.5 6724.78
52910.6 6622.72
52928.7 7299.52
52945.7 6537.91
52962 6585.32
52978.9 6845.22
52995.2 6968.02
53013.7 7208.24
53032 6903.47
53047.6 6707.24
53064.7 7235.7
53081.7 6901.43
53100.6 7019.01
53117.7 7300.66
53134.8 6922.79
53153.2 6931.83
53169.3 7125.43
53188.2 7052.43
53208.1 6853.54
53226.3 6916.31
53243.9 7358.29
53265 6736.9
53284.2 7122.89
53302.5 6912.33
53318.9 7205.3
53336.5 7118.65
53356.2 6675.29
53374.1 6594.93
53389.2 6866.63
53403.3 6740.39
53421.1 6416.99
53441.4 7648.06
53459.5 6665.27
53478.7 6721.27
53496.8 6824.43
53515.1 6442.13
53531.2 6998.62
53548.1 6867.08
53563.4 7246.27
53579.8 6852.62
53595 7108.94
53612.9 7076.05
53631.9 6409.44
53648.1 6791.86
53665.2 7271.29
53680.1 7090.11
53697.9 6752.25
53715 6681.08
53731.1 6836.61
53747.7 6915.07
53765.7 6799
53776.8 6765.56
53797.3 6879.33
53813.2 7130.16
53832.2 7209.02
53849.2 7181.98
53871.6 7003.31
53890.9 7058.12
53910.2 7573.14
53929.8 7150.17
53949.2 6986.31
53967.4 7021.45
53979 7192.7
53998 7255.87
54018 6513.37
54037.1 7005.19
54055.4 7056.2
54075.9 6763.9
54093.9 6725.22
54112.4 7234.04
54126.3 6841.5
54141.6 6888.75
54159.6 7176.76
54176.8 7026.34
54188.6 7079.22
54205.4 6956.76
54222.8 6720.3
54241.8 6704.42
54261.6 6482
54277.5 6613.82
54297.3 7222.29
54312.1 7013.46
54330 6648.36
54346.2 6679.27
54365.8 6935.36
54381.9 6981.58
54400.2 6719.32
54420.1 7356.94
54436.5 6759.18
54458.4 7247.07
54475 6896.59
54496.1 7188.7
54515 6617.12
54532.7 7287.18
54553.8 7153.13
54573.6 7069.67
54587.3 7068.73
54605.4 6850.18
54624.8 6609.37
54641.9 7236.25
54659.3 6997.3
54678.8 7082.67
54697 6642.01
54714.1 7368.51
54731.8 6590.35
54752.1 6841.17
54768.5 7160.28
54785.5 6886.96
54799.8 6504.16
54820.6 7057.86
54839.7 6870.17
54858.1 7433.42
54878.5 7150.08
54896.2 7689.98
54914.8 6949
54934.2 6928.21
54950.9 6663.01
54967.9 7142.9
54987.2 6596.02
55004.6 6900.88
55023.4 6983.26
55040.5 6675.68
55058.9 7059.1
55078.9 6846.68
55096.4 7129.57
55115.6 7115.16
55133.6 6844.94
55151.6 7057.8
55168.7 7340.33
55187.7 6389.53
55203.7 7073.8
55221.2 6767.78
55240.2 6730.28
55257.6 6817.52
55274.9 6584.14
55291.8 7271.42
55308.9 6539.12
55326.7 7052.13
55343.1 6985.65
55357.6 7274.02
55371.9 7153.76
55391.1 7076.65
55408.1 6760.1
55425.5 7217.31
55442.9 6914.15
55463.4 6673.19
55481.9 6823.29
55501.7 6660.14
55516.3 6842.06
55537 6887.61
55558.6 6900.46
55576.6 7255.79
55598.7 7040.22
55618.5 7063.12
55634.7 7274.43
55653.4 7278.73
55673.5 6854.91
55687.8 6899.93
55707.1 7112.28
55721.1 7126.04
55737.7 6971.84
55754.5 7044.45
55772.1 7393.08
55790 6952.58
55805.6 6725.34
55821.6 6341.67
55837.9 6844.51
55856.1 7448.89
55871.8 6869.41
55890.6 6529.13
55909.4 6659.61
55923.7 6924.74
55941.7 7168.25
55961.2 6765.97
55979.1 7291.01
55999.3 7079.73
56019.8 6954.56
56041.2 7056.3
56056.6 7400.54
56072.8 6639.95
56093.9 6764.21
56109.9 6813.24
56129.3 6809.47
56144.3 6756.02
56164.1 7229.88
56182.3 6591.67
56202 7396.03
56221.9 6848.6
56240.7 6911.87
56257.2 6694.14
56274.4 7402.18
56290.7 6633.52
56309.9 7079.32
56328.7 6894.14
56345.1 6837.89
56363.8 7191.47
56379.7 7185.6
56397.6 6656.67
56414.9 7191.7
56430.3 6477.14
56444 6722.52
56460.9 7286.49
56478.5 6653.07
56497.5 7002.94
56511.2 6713.03
56526.4 6578.1
56544.7 6833.41
56555.9 7268.37
56573.5 7163.77
56591 6869.37
56608.5 7044.78
56626.9 6893.14
56646.7 6702.1
56667.1 6965.78
56688.6 6746.5
56705.8 6840.36
56726.3 7065.48
56744 6570.16
56760.1 6587.45
56776.1 7070.15
56791.6 7249.91
56810.1 6965.33
56829.1 7168.29
56847.4 7325.82
56864.6 7244.18
56882.6 6806.21
56901.7 6643.45
56922.7 7202.07
56943.3 6978.76
56962.6 6866.27
56980.3 7138.49
56998.1 6773.76
