time accuracy
42.7908 0.993333
117.905 0.991605
198.907 0.995309
285.911 0.993333
410.355 0.995309
608.216 0.99284
733.911 0.995556
928.027 0.995062
1182.04 0.993827
1367.49 0.996543
1614.28 0.995556
1825.88 0.995556
2027.1 0.997284
2296.85 0.996296
2542.12 0.995309
2779.66 0.996543
3127.05 0.994815
3385.54 0.995556
3694.58 0.995309
4014.13 0.995556
4260.83 0.996296
4476.91 0.994815
4759.92 0.995556
5024.89 0.996049
5365.39 0.996049
5726.85 0.994074
6061.74 0.995802
6360.89 0.997037
6764.19 0.99679
7224.15 0.995802
7711.63 0.995802
8222.33 0.99679
8541.29 0.995556
8892.79 0.992099
9159.44 0.99679
9421.72 0.997531
9824.28 0.99679
10199.7 0.994568
10501.6 0.997037
10810.1 0.996543
11093.3 0.996543
11408.9 0.99679
11754.3 0.997037
12126.9 0.996296
12453.2 0.99679
12707.1 0.997531
12932.8 0.995802
13187.7 0.995309
13474.5 0.996543
13749.6 0.99679
14018.4 0.993827
14341.8 0.99679
14633.1 0.997037
14919 0.996543
15225.3 0.996296
15495.3 0.997284
15788.3 0.996049
16120 0.99679
16525.4 0.996543
16941.1 0.996296
17348.2 0.997531
17765.6 0.99679
18166.8 0.997037
18536.6 0.994568
19144.8 0.994074
19738 0.99679
20270.1 0.997284
20723.3 0.997284
21139.3 0.996296
21603.6 0.994815
22022.6 0.997778
22440.1 0.997037
22837.5 0.993827
23251.8 0.993086
23690.1 0.996296
24140 0.997284
24565.7 0.997037
24958.3 0.996296
25392.7 0.995309
25852 0.996049
26185.9 0.99679
26539.5 0.99679
26852.1 0.997778
27170.4 0.996296
27584.7 0.997531
28014.6 0.99679
28440.5 0.997037
28990.4 0.997531
29447.4 0.997531
29916.3 0.995802
30399 0.996543
30944 0.997037
31551.8 0.996296
32155.6 0.996296
32742 0.99679
33333.1 0.997037
33963 0.997037
34582 0.997778
35176.8 0.997284
35852.8 0.997284
36426.3 0.997037
36901.5 0.997778
37299.3 0.997778
37696.4 0.997284
38138.6 0.997778
38625.8 0.997037
39162.2 0.997037
39589.1 0.997037
40047.7 0.997531
40417.9 0.997037
40792.1 0.996296
41358.5 0.997531
41790.7 0.997778
42270.6 0.995802
42807.2 0.997037
43370.7 0.997284
43980.8 0.997037
44587.5 0.997037
45199.7 0.996543
45738.3 0.997037
46289.6 0.995802
