time accuracy
151.361 0.970617
327.912 0.966173
468.135 0.971111
615.041 0.971605
762.811 0.980988
910.987 0.976296
1068.32 0.974568
1207.51 0.985432
1375.61 0.978272
1545.12 0.978272
1682.39 0.986173
1840.28 0.980247
2019.62 0.980494
2202.34 0.985432
2358.03 0.986667
2516.37 0.986173
2671.95 0.988642
2811.96 0.991852
2949.49 0.989383
3083.68 0.984938
3240.11 0.98642
3397.35 0.993086
3549.3 0.992593
3692.6 0.988889
3862.73 0.993086
4073.01 0.990864
4244.37 0.990123
4446.67 0.98716
4621.96 0.992346
4773.88 0.992346
4927.62 0.994321
5052.61 0.992346
5178.53 0.991358
5308.23 0.994815
5521.42 0.98963
5689.81 0.99358
5836.27 0.993333
6009.59 0.992099
6197.2 0.991605
6393.57 0.98716
6584.47 0.994074
6753.76 0.993333
6908.88 0.993086
7085.16 0.99358
7255.17 0.994321
7420.66 0.994568
7590.09 0.992346
7717.22 0.993086
7845.14 0.991605
8056.69 0.992593
8235.14 0.993333
8426.92 0.993333
8577.97 0.993086
8706.55 0.989383
8886.47 0.994815
9099.08 0.991852
9316.93 0.991852
9478.56 0.990864
9694.71 0.991852
9913.86 0.99284
10102.9 0.99284
10314.4 0.99358
10530.3 0.98963
10708.5 0.992593
10874 0.99284
11093.1 0.99358
11310.4 0.994074
11492.7 0.99358
11669.1 0.99358
11833.6 0.995062
12018 0.991852
12172.2 0.989877
12349.4 0.990864
12532.1 0.989877
12712.2 0.990123
12894.6 0.993086
13079.2 0.991852
13266 0.99284
13465 0.991111
13653.3 0.98963
13853.6 0.995802
14017.7 0.993827
14210.9 0.994321
14417.1 0.990617
14602.5 0.996049
14785.7 0.996543
14969.7 0.993827
15161 0.988889
15357.7 0.995062
15535.8 0.994568
15728.1 0.99284
15907.9 0.995556
16089.5 0.995309
16275.9 0.993086
16466.9 0.996049
16637.7 0.99284
16805.2 0.994321
16964.2 0.995802
17146.3 0.995309
17312.3 0.996049
17534.2 0.994074
17703.5 0.994815
17876.9 0.996296
18024.1 0.993827
18169.7 0.995802
18343.8 0.994568
18524 0.994568
18684.1 0.992099
18846 0.995802
19004.7 0.994568
19168.3 0.994815
19315.6 0.996049
19470.9 0.993333
19633.9 0.995309
19807.9 0.994321
20007.4 0.993827
20168.4 0.996049
20328 0.994321
20516.6 0.995802
20673.3 0.994815
20874.4 0.99679
21068.4 0.994321
21231.3 0.992346
21396.9 0.995062
21548.1 0.996543
21702.3 0.995802
21884.3 0.995802
22053.6 0.996049
22225.5 0.994815
22379.5 0.996296
22551.3 0.996049
22711.1 0.995309
22858.7 0.995556
23022.6 0.995802
23179.5 0.995062
23323.1 0.996049
23487.7 0.99358
23644.6 0.995802
23821.9 0.995802
23982.1 0.995309
24143.7 0.994321
24288.9 0.994815
24433.4 0.995556
24629.2 0.994568
24797.1 0.992593
24937.1 0.994815
25095.5 0.995309
25281.2 0.995062
25422.4 0.997037
25555.4 0.996296
25698.2 0.994074
25836 0.996296
26002.8 0.995802
26138.6 0.99679
26313.5 0.996543
26457.9 0.996296
26593.1 0.99358
26720.8 0.995309
26852.9 0.993827
27006.8 0.994815
27145.8 0.996296
27292.4 0.996296
27420.9 0.995062
27552.8 0.994321
27686.8 0.99679
27822.6 0.99679
27985.8 0.99679
28118.8 0.996296
28251.9 0.996543
28387.9 0.997037
28563.9 0.995309
28693.7 0.993333
28821.6 0.996543
28954.9 0.993086
29084.7 0.996543
29222.4 0.996296
29353.8 0.99679
29481.7 0.996296
29609.6 0.996049
29739.2 0.996296
29902.8 0.996543
30030.9 0.995802
30160.9 0.994815
30293.1 0.994815
30421.4 0.993333
30549.6 0.995062
30677.8 0.993827
30806.2 0.995556
30934.6 0.99679
31062.9 0.997531
31228.8 0.997284
31361.1 0.997037
31526.9 0.996296
31655.8 0.996049
31800 0.996543
31935.2 0.995556
32063.7 0.996296
32195.9 0.993333
32324.6 0.991852
32453.7 0.996543
32585.8 0.996543
32714.3 0.994321
32843 0.995556
32984.6 0.995309
33140.8 0.996049
33272.4 0.996296
33401.2 0.995556
33537.6 0.996543
33668.4 0.994568
33799.4 0.996296
33928.1 0.995802
34057 0.994568
34219.7 0.995309
34371.3 0.996543
34520.5 0.997778
34666.3 0.996296
34832.8 0.995802
34981.3 0.995556
35131.7 0.995062
35281.4 0.996296
35450.8 0.996049
35594.2 0.99679
35744.8 0.995062
35894.5 0.995556
36051.1 0.994815
36199.5 0.995309
36341.8 0.994074
36490.9 0.995802
36640.4 0.996296
36792.4 0.995309
36943.7 0.996543
37097.7 0.995062
37254 0.99679
37400 0.997531
37551.1 0.997037
37705.8 0.996296
37853.2 0.994321
38021.6 0.99679
38175.7 0.993086
38334.8 0.996543
38492.2 0.996296
38637.1 0.994321
38787.2 0.996296
38938.3 0.995802
39086.8 0.997037
39238.3 0.994568
39390.6 0.995309
39560.5 0.996543
39710.9 0.99679
39858.3 0.994321
40002.7 0.996296
40154.4 0.997531
40304.4 0.99284
40456.8 0.994568
40610.8 0.993086
40760.2 0.995802
40901.1 0.996296
41069.1 0.995309
41215.6 0.996296
41363.3 0.99679
41514.1 0.995309
41665.7 0.997778
41816.7 0.997284
41958 0.996296
42106.7 0.995802
