time accuracy
146.054 0.984198
268.543 0.98716
431.959 0.990617
624.995 0.991605
773.969 0.991358
926.792 0.992593
1057.32 0.988889
1201.26 0.994074
1331.59 0.993333
1480.26 0.99358
1674.58 0.994568
1861.88 0.99284
1988.53 0.993333
2160.15 0.994074
2315.93 0.994815
2476.84 0.995062
2596.72 0.995309
2731.93 0.992099
2884.46 0.996049
3053.77 0.995062
3218.02 0.994074
3369.47 0.995309
3530.31 0.993333
3700.31 0.990123
3863.12 0.994321
3998.24 0.994568
4130.97 0.989136
4275.76 0.992593
4449.95 0.994568
4603.16 0.993086
4749.2 0.990617
4904.18 0.988395
5038.44 0.993827
5198.3 0.994815
5354.58 0.992593
5483.86 0.99284
5651.79 0.988642
5809.48 0.986667
5971.28 0.98963
6135.17 0.989877
6286.62 0.991605
6424.41 0.991111
6623.22 0.990123
6780.36 0.993086
6951.65 0.99037
7080.04 0.987407
7244.02 0.992593
7403.89 0.98963
7557.62 0.99358
7683.03 0.991111
7865.19 0.992593
8044.37 0.992593
8199.47 0.990123
8377.32 0.99037
8508.29 0.991852
8679.75 0.992593
8851.58 0.990864
9006.64 0.988642
9179.37 0.993333
9380.06 0.995309
9540.53 0.995802
9721.47 0.99358
9881.81 0.994815
10049.7 0.993827
10184.6 0.991852
10362.4 0.993827
10536.2 0.993333
10702.6 0.990123
10889.1 0.995556
