time accuracy
139.083 0.963951
285.674 0.987901
439.786 0.985185
595.77 0.994074
771.912 0.991111
941.079 0.992593
1097.17 0.992593
1233.27 0.994815
1381.22 0.994074
1532.67 0.995309
1703.94 0.995062
1844.45 0.99358
1961.82 0.994815
2089.45 0.994815
2207.2 0.995309
2359.75 0.995309
2512.23 0.993333
2671.27 0.994568
2825.3 0.994815
2967.53 0.995062
3113.94 0.994815
3253.36 0.996296
3414.11 0.991358
3575.76 0.995062
3742.41 0.992346
3862.26 0.988889
4017.01 0.993827
4162.74 0.993086
4302.84 0.990617
4466.04 0.991358
4630.19 0.987654
4782.46 0.988889
4944.96 0.99037
5110.11 0.996049
5276.41 0.99284
5415.57 0.988889
5569.52 0.990123
5736.3 0.989383
5911.57 0.990617
6068.83 0.988642
6190.75 0.98963
6362.93 0.991852
6522.1 0.992099
6698.08 0.993086
6868.57 0.994568
7014.5 0.990617
7213.64 0.995309
7353.57 0.991605
7519.17 0.996049
7663.45 0.992099
7799.16 0.995802
7931.49 0.990864
8089.79 0.99679
8257.89 0.992593
8421.47 0.99284
8577.07 0.993086
8731.04 0.996543
8887.46 0.996296
9012.65 0.994568
9137.76 0.995802
9261.8 0.995062
9434.57 0.996049
9611.72 0.994568
9799.92 0.997284
9961.85 0.995556
10166.2 0.997037
10291.9 0.996049
10417.9 0.995802
10543.5 0.995802
10744.6 0.995802
10918.7 0.998025
11077.4 0.997037
11277.2 0.995802
11490.4 0.995802
11670 0.994568
11844.4 0.99358
12016.8 0.99284
12162.2 0.996543
12338.3 0.997778
12516.9 0.996296
12690.2 0.995802
12817.8 0.996296
12944.7 0.994321
13109.9 0.996296
13317.2 0.995309
13502.5 0.997037
13662.6 0.995802
13838 0.997284
14003.3 0.996543
14178.2 0.998272
14356 0.998025
14514.3 0.995309
14672 0.995309
14842.4 0.995802
14996.6 0.998025
15167.5 0.996543
15354.2 0.996296
15565.8 0.996049
15691.8 0.996296
15877.2 0.996543
16084.3 0.997778
16212.1 0.998519
16353.9 0.998519
16495.4 0.995802
16663.1 0.996049
16815.1 0.997284
17004.6 0.998025
17204.4 0.997284
17403.5 0.997531
17587.2 0.99679
17784 0.992593
17951.3 0.997778
18130 0.997531
18340.6 0.99358
18550.2 0.995062
18761.6 0.997284
18965.5 0.997778
19093.7 0.996296
19221.8 0.998025
19350.2 0.996543
19477.7 0.996049
19678.8 0.995062
19880.6 0.996543
20008.1 0.996296
20135.8 0.997284
20334.1 0.99679
20548.5 0.996049
20759.7 0.99679
20936.3 0.997531
21095.2 0.997284
21266.2 0.997531
21428.3 0.997284
21614.1 0.995062
21790.1 0.996543
21947.2 0.997284
22117.7 0.997284
22279.8 0.996296
22444.7 0.995062
22607 0.997037
22763.4 0.997778
22907.7 0.995802
23061.7 0.996296
23212.8 0.99679
23404.8 0.997284
23573.9 0.994568
23731.3 0.998025
23880.1 0.997037
24007.7 0.997284
24152.3 0.998272
24304.1 0.996543
24519.8 0.995802
24743.6 0.998272
