time objective
2576.1 1.07928e+06
6042.69 538540
9541.33 348834
12293.8 226123
15849.6 253437
18348.2 218405
21048.8 42265.6
23492.3 147122
25691.9 120926
27908.5 74435.3
30399.9 120344
32479.7 86216.4
34939.6 57486
37243.7 61882.5
39079.9 112863
41129.8 45915.2
43659.2 67288.2
46401.7 80633
48501.3 81884.8
50448.2 58614.7
52352.2 40905.4
54332.4 28529
56327.2 30100.4
58122.9 89282.6
60082.5 26843.7
62849 32163.9
65481.5 35004.3
67735.3 40746.9
69441.6 43345.2
71724.8 68732.8
74436 46005.8
77168.4 46358
79777.2 51727.6
81630.6 60979
