time objective
23.5571 910409
59.9343 811011
100.066 688900
151.817 486107
213.305 357981
269.203 365526
346.105 309675
414.675 290095
484.864 259072
574.682 236023
679.317 236922
762.803 171606
845.037 126972
950.799 105421
1076.48 60787.4
1197.04 181721
1349.01 75466
1463.19 101638
1664.48 105396
1778.24 64855.7
1909.29 54934.2
2004.02 89689.4
2129.33 40439.7
2228.63 58524.7
2328.68 38024.8
2427.68 25821
2536.81 81387.9
2644.19 50937.1
2752.79 55517.3
2871.91 12589.3
2985.73 55374.8
3136.67 24186.6
3263.11 59935.8
3433.86 18112.9
3564.27 29412.1
3713.5 32401.4
3893.44 35111.3
4066.3 8675.07
4222.53 48687.1
4378.68 32805.3
4631.13 39067.6
4974.38 35658.6
25839.2 8926.134
