time objective
2655.07 2.15852e+09
4978.29 5.47451e+08
8881.06 2.45289e+08
12348.4 1.40591e+08
16345.4 8.89153e+07
19865.7 6.213e+07
23358.8 4.5809e+07
26626.1 3.59635e+07
29693.4 2.79431e+07
33391.9 2.2786e+07
37275.7 1.88117e+07
41730.5 1.59007e+07
45787.2 1.35681e+07
50119.8 1.16955e+07
54106.2 1.03121e+07
57914.9 9.11505e+06
61355.2 8.10512e+06
65056.4 7.24698e+06
69205 6.46267e+06
72274.5 5.91422e+06
75558.1 5.41155e+06
77638.6 4.9045e+06
79729.8 4.46659e+06
82463.1 4.14663e+06
84874.8 3.82483e+06
86967.3 3.5718e+06
