time objective
1719.01 33691
3431.13 29169.8
5414.3 25330
7079.04 25196.7
8790.68 24549.5
10408.9 22844.2
11919.7 21316.8
13374.7 21745.8
15758.4 20432.6
18286.7 19013.5
20451.2 18929
21882.8 18616.8
23229.9 18720.6
25411.7 17412.3
27478.3 16453.9
29491.5 15387.8
31983 15437
34945.6 15020
38079.5 14459.6
40833.7 13926
44359.1 13526.3
46295.1 12717.5
48324.9 12597.7
50370.4 13171.8
52006.5 13190.2
53270.1 11798.2
54714.2 12022.3
56536.3 12224.4
58340.9 12087.9
60327 11174.5
62384.9 10735.5
64141.9 10747.8
65779 10314.6
