time objective
4.83298 40573.9
13.2481 18858.3
25.6403 10913.2
37.9258 9134.44
50.9922 7656.17
64.8088 6514.49
79.5206 6471.32
98.9996 6111.38
118.042 6425.65
135.055 5285.67
151.515 6400.61
167.754 5806.97
185.024 5791.97
202.387 5438.01
219.822 4797.85
236.773 5751.71
253.911 6140.97
271.229 5611.18
288.719 5483.13
307.091 5757.93
324.859 5930.69
344.894 5144.25
368.215 5941.21
389.478 6163.86
409.044 5326.54
430.898 5371.55
450.637 6714.06
470.216 4980.14
491.475 4795.37
510.014 5875.13
528.576 5592.11
547.191 4983.09
565.869 5271.04
584.597 4852.65
603.363 5523.06
622.188 4789.21
641.056 5816.06
661.174 5867.71
683.209 5430.87
704.796 5758.04
726.315 6918.16
748.03 5362.59
769.32 5162.88
788.418 5567.02
807.539 5179.02
