time objective
15.1271 244421
31.0641 68744.9
46.1562 35303.9
62.8945 22956.9
80.0684 16880.8
96.094 14884.2
111.896 11104.6
127.757 10679.9
144.56 9256.59
162.139 7936.33
181.389 6335.71
198.321 6906.94
214.854 6624.61
232.033 6229.58
249.046 4854.84
265.913 5280.86
282.252 5229.55
298.623 4486.69
315.889 4885.18
332.329 5335.92
348.739 3940.96
365.177 3273.81
381.938 4087.83
398.421 4199.32
414.935 4490.56
431.477 3160.16
448.878 4064.89
466.308 2496.97
484.352 2799.6
501.803 2720.3
518.931 3187.59
537.777 2402.88
