time objective
14.0668 326415
28.4998 66328.4
42.99 33412.4
58.296 21729
74.9587 14558.1
90.8296 12769.6
106.466 9010.26
121.81 8897.89
137.378 8771.72
154.252 6758.74
170.201 6621.43
187.277 5481.07
203.444 5871.73
220.113 5132.81
238.143 5399.56
255.84 6071.37
272.456 4725.77
290.18 4856.84
307.759 4363.09
324.916 3927.37
341.524 4535.13
359.602 4593.39
378.062 3097.37
396.125 4825.03
412.886 2299.28
430.088 2775.35
451.911 2650.2
472.377 3883.46
489.771 3050.73
506.844 2711.5
523.668 5380.59
