time objective
3243.57 1.26654e+07
4707.18 5.31727e+06
5231.18 3.13067e+06
6443.06 2.15358e+06
7288.59 1.6015e+06
8374.81 1.29949e+06
9305.33 1.02778e+06
10085.8 863415
10769.9 739016
11768.7 621959
12286.4 549355
12589.9 478007
13314.4 435596
14305.5 396272
15125.9 360728
16162.6 326175
16946.6 303110
17903.4 280471
18944.7 263185
19866.5 245839
20947 226431
22216 208705
23351.2 200700
24243.3 188228
25210.3 183533
26148.1 167195
27149.2 161597
28092.5 154554
28844.5 143372
29752.5 138510
30699.3 133772
31710.4 125988
32622.4 122199
33613 116135
34782.9 111689
36119 108273
