time accuracy
39.3168 0.884513
74.317 0.905543
127.286 0.914438
182.13 0.919481
233.31 0.923207
275.949 0.925102
320.262 0.926735
371.923 0.928223
422.569 0.929035
473.106 0.929351
526.338 0.929947
588.363 0.930605
639.301 0.930876
690.005 0.931056
746.025 0.931201
804.661 0.931453
861.392 0.931399
919.445 0.931543
957.505 0.93185
991.776 0.932058
1030.94 0.93204
1082.52 0.932193
1132.75 0.93222
1191.51 0.932256
1251.14 0.932256
1306.27 0.932355
1356.11 0.932391
1390.74 0.932455
1425.37 0.932473
1459.99 0.932328
1492.97 0.93231
1537.76 0.932319
1584.64 0.932301
1623.73 0.932337
1658.14 0.932211
1700.26 0.932274
1740.41 0.932238
1779.88 0.932112
1829.81 0.932049
1892.85 0.932058
1932.81 0.932094
1989.11 0.932076
2045.14 0.932013
2097.73 0.931958
2154.24 0.93194
2198.42 0.931859
2241.29 0.931733
2294.14 0.931751
2353.2 0.93148
2411.89 0.931417
2467.78 0.931399
2507.36 0.931381
2563.13 0.931336
2612.1 0.931264
2652.1 0.931255
2686.06 0.93121
2733.99 0.931174
2779.87 0.931201
2829.38 0.931183
2875.78 0.93111
2934.27 0.931074
2984.9 0.931074
3034.2 0.931065
3079.52 0.931074
3114.36 0.931065
3163.35 0.931074
3225.47 0.931083
3285.46 0.931092
3343.28 0.931038
3406.32 0.93102
3465.01 0.931029
3517.78 0.93102
3570.14 0.931011
3623.32 0.931002
3673.27 0.930993
3741.2 0.931002
3813.12 0.931002
3889.17 0.930993
3960.9 0.930993
4014.75 0.931011
4072.67 0.930975
4104.87 0.930975
4143.14 0.930948
4190.12 0.93093
4238.74 0.930912
4280.73 0.930894
4324.82 0.930876
4365.35 0.930876
4416.95 0.930885
4472.53 0.930921
4522.51 0.930921
4573.3 0.930921
4640.92 0.930921
4704.16 0.930921
4767.52 0.930885
4822.65 0.930885
4874.43 0.930903
4934.68 0.930894
4979.69 0.930903
5014.99 0.930894
5050.58 0.930885
5103.21 0.930876
5141.99 0.930849
5193.14 0.930831
5255.23 0.930831
5321.27 0.930822
5373.57 0.930831
5424.13 0.930831
5473.7 0.930822
5524.41 0.930813
5573.89 0.930804
5618.55 0.930804
5668.36 0.930786
5728.55 0.930795
5784.58 0.930795
5842.4 0.930786
5888.41 0.930768
5943.15 0.930768
5992.29 0.930759
6041.35 0.930741
6090.28 0.93075
6138.92 0.93075
6180.82 0.930759
6215.81 0.93075
6251.02 0.930741
6285.97 0.93075
6320.88 0.930741
6366.71 0.93075
6412.53 0.930741
6462.74 0.930741
6505.03 0.930741
6549.97 0.930759
6608.62 0.930759
6666.57 0.930759
6736.41 0.930741
6791.67 0.930759
6838.25 0.930759
6881.06 0.930768
6916.66 0.930759
6961.26 0.930741
7006.87 0.930741
7040.01 0.930741
7078.58 0.93075
7124.81 0.930741
7163.51 0.930741
7199.24 0.930731
7242.22 0.930741
7280.71 0.930741
7326.7 0.930731
7371.15 0.930731
7425.98 0.930722
7474.56 0.930741
7522.23 0.930741
7571.96 0.930741
7625 0.930741
7686.4 0.930731
7737.76 0.930722
7784.1 0.930713
7843.25 0.930695
7881.17 0.930686
7929.62 0.930686
7985.75 0.930677
8037.75 0.930677
8104.97 0.930677
8171.79 0.93065
8238.6 0.93065
8305.52 0.93065
8340.43 0.93065
8375.17 0.93065
8419.1 0.93065
8466.35 0.930632
8510.97 0.930632
8571.25 0.930614
8629.31 0.930623
8691.37 0.930605
8739.54 0.930623
8797.15 0.930605
8859.89 0.930596
8916.29 0.930596
8963.3 0.930623
8997.64 0.930632
9042.17 0.930632
9093.61 0.930623
9146.43 0.930623
9180.9 0.930623
9215.41 0.930596
9249.88 0.930614
9284.32 0.930596
9318.8 0.930596
9353.21 0.930596
9387.72 0.930605
9422.27 0.930596
9459.51 0.930596
9494.07 0.930605
9528.62 0.930605
9563.09 0.930605
9597.63 0.930605
9632.2 0.930605
9678.64 0.930605
9745.44 0.930605
9813.51 0.930605
9874.8 0.930596
9954.41 0.930587
10013.7 0.930587
10070 0.930587
10119.2 0.930587
10168.3 0.930596
10207.8 0.930596
10251.7 0.930596
10283.1 0.930587
10336.9 0.930587
10377.2 0.930587
10408.5 0.930569
10440.6 0.930569
10483.5 0.93056
10523 0.93056
10565.2 0.93056
10594.8 0.93056
10624.4 0.93056
10653.4 0.93056
10690.2 0.93056
10730 0.930551
10759.6 0.930551
10789.2 0.930542
10828.9 0.930542
10871.2 0.930533
10923.4 0.930533
10989.2 0.930533
11057 0.930533
11126.9 0.930524
11184.7 0.930524
11242.2 0.930524
11302 0.930524
11367.8 0.930524
11425.1 0.930524
11473.6 0.930515
11522.8 0.930506
11572.1 0.930506
11622 0.930506
11671.3 0.930488
11721.3 0.930488
11775.4 0.93047
11839.7 0.930452
11890.2 0.930443
11946.2 0.930434
11998.5 0.930434
12049.2 0.930434
12109.4 0.930425
12164.8 0.930425
12215.1 0.930416
12265.7 0.930461
12307.8 0.930461
12349.4 0.930461
12407.3 0.930461
12463.6 0.930461
12526.7 0.930461
12562 0.930461
12598 0.930461
12633.1 0.930452
12668.2 0.930452
12700.9 0.930452
12732.8 0.930461
12786.2 0.93047
12843 0.930461
12901.3 0.930461
12959.1 0.930461
13017.2 0.930461
13075.2 0.930461
13133.6 0.930461
13197.1 0.930461
13255.2 0.930461
13317 0.930461
13383.2 0.930452
13430.1 0.930452
13497 0.930443
13564.2 0.930443
13629.1 0.930443
13687.3 0.930443
13751.1 0.930443
13811.3 0.930443
13845.5 0.93047
13881.3 0.93047
13931.5 0.93047
13971.7 0.93047
14010.4 0.930488
14043 0.930488
14072.5 0.930488
14122.9 0.930488
14158 0.93047
14205.3 0.93047
14237 0.93047
14297.2 0.93047
14353.6 0.93047
14410.8 0.93047
14463.6 0.930479
14519.7 0.930479
14592.3 0.930461
14646.8 0.930461
14720.1 0.930452
14767.8 0.930452
14825.4 0.930452
14888.3 0.930452
14957 0.930452
15044.2 0.930452
15104.6 0.930452
15176.7 0.930452
15223.3 0.930452
15286.7 0.930452
15358.2 0.930452
15417.8 0.930452
15467.6 0.930452
15510.3 0.930452
15565.6 0.930443
15612.9 0.930443
15651.7 0.930452
15694.7 0.930452
15738.7 0.930452
15784.7 0.930452
15820.2 0.930452
15862.9 0.930452
15912.2 0.930452
15961.8 0.930452
16000.8 0.930452
16068.5 0.930452
16129.1 0.930461
16182.5 0.930443
16225.5 0.930452
16259.7 0.930452
16289.1 0.930452
16320.2 0.930452
16349.7 0.930452
16379.2 0.930452
16408.6 0.930452
16438.1 0.930452
16467.5 0.930452
16503.3 0.930452
16532.8 0.930443
16562.2 0.930443
16614.2 0.930443
16667.4 0.930443
16723.2 0.930443
16783.1 0.930479
16837 0.930479
16894.4 0.930479
16946.9 0.930479
17006.3 0.930479
17071.6 0.930497
17120.8 0.930497
17164.2 0.930497
17205.8 0.930497
17266 0.930497
17323 0.930497
17379 0.930497
17437.9 0.930497
17470.8 0.930497
17523 0.930497
17578.5 0.930497
17642.4 0.930497
17696.5 0.930497
17751.1 0.930497
17798.5 0.930497
17857.9 0.930497
17904.9 0.930497
17939.2 0.930497
17980 0.930497
18024.2 0.930497
18075.2 0.930488
18111.5 0.930488
18174.4 0.930488
18225.8 0.930488
18288.8 0.930488
18359 0.930497
18414.7 0.930497
18481.1 0.930497
18541.4 0.930497
18602.2 0.930497
18669.5 0.930488
18753.5 0.930488
18827.5 0.930488
18904.2 0.930488
18986.1 0.930488
19075.1 0.93047
19131.4 0.93047
19183 0.93047
19235.8 0.930452
19288.2 0.930452
19331 0.930452
19372.3 0.930452
19413.8 0.930452
19454.7 0.930452
19496.7 0.930452
19536.8 0.930452
19581.5 0.930452
19632.8 0.930452
19692.4 0.930452
19742.3 0.930452
19793.6 0.930452
19864.4 0.930452
19932.6 0.930452
20003.6 0.930452
20075 0.930452
20126.9 0.930452
20191.5 0.930452
20266.4 0.930452
20340.6 0.930452
20415.5 0.930452
20476.1 0.930452
20534.3 0.930452
20586.6 0.930452
20639.5 0.930452
20704.8 0.930452
20778.9 0.930452
20851.7 0.930452
20905.1 0.930452
20955.3 0.930452
21011.5 0.930461
21065.1 0.930461
21134 0.930461
21197.7 0.930461
21253.9 0.930461
21316 0.930461
21356.6 0.930461
21429.8 0.930461
21502 0.930461
21564.4 0.930461
21619.2 0.930461
21680.3 0.930461
21747.8 0.930461
21816.8 0.930443
21892.3 0.930443
21974 0.930443
22051.9 0.930443
22114.8 0.930443
22171.1 0.930443
22217 0.930461
22260.9 0.930461
22306.6 0.930461
22360.3 0.930461
22422.3 0.930479
22483.1 0.930479
22548.1 0.930479
22620.7 0.930479
22683.1 0.930479
22745.4 0.930479
22805.1 0.93047
22863.5 0.93047
22920.9 0.93047
23001.3 0.930452
23077.7 0.930452
23132.7 0.930452
23195.7 0.930452
23228.1 0.930452
23276.4 0.930452
23310.4 0.930452
23356.9 0.930452
23400 0.930452
23455.4 0.930452
23519.7 0.930443
23569.2 0.930443
23609.4 0.930443
23649.6 0.930443
23709 0.930443
23750.2 0.930443
23810.6 0.930443
23868.9 0.930443
23927.5 0.930443
23978.3 0.930443
24020.9 0.930443
24063.6 0.930443
24123.9 0.930443
24166.3 0.930443
24208.1 0.930443
24266.4 0.930443
24326.9 0.930443
24392.1 0.930443
24448.8 0.930443
24514.2 0.930443
24575.6 0.930443
24637.1 0.930443
24698 0.930443
24759.8 0.930443
24821.3 0.930443
24883.7 0.930443
24940.7 0.930443
25001.3 0.930443
25058.7 0.930443
25117 0.930443
25174 0.930443
25234 0.930452
25313.9 0.930452
25386.2 0.930452
25455.5 0.930452
25505.8 0.930452
25551.2 0.930452
25592.5 0.930452
25647.2 0.930452
25717 0.930452
25770.9 0.930452
25831.4 0.93047
25896.7 0.930461
25960.7 0.930461
26040.2 0.930461
26124.7 0.930461
26208.7 0.930461
26292.9 0.930461
26377.5 0.930461
26461.6 0.930461
26545.9 0.930461
26630 0.930461
26721.3 0.930461
26798.6 0.930461
26876.3 0.930461
26929 0.930452
26997.5 0.930452
27050.7 0.930452
27108.3 0.930452
27172.1 0.930443
27221.4 0.930443
27290.1 0.930443
27366.2 0.930443
27416.5 0.930443
27475.6 0.930443
27533.6 0.930443
27589.5 0.930443
27655 0.930443
27721.5 0.930443
27787.7 0.930443
27853.2 0.930443
27921.7 0.930443
27988.1 0.930443
28052 0.930443
28117.8 0.930443
28181.3 0.930443
28243.4 0.930443
28303 0.930443
28356.3 0.930443
28408.5 0.930443
28461.5 0.930452
28544.2 0.930452
28630.7 0.930452
28681.5 0.930452
28733.8 0.930452
28785.1 0.930452
28835.6 0.930452
28886.3 0.930452
28936.2 0.930452
28986 0.930452
29034.8 0.930452
29083.9 0.930452
29132.9 0.930452
29180.3 0.930452
29230.5 0.930452
29295.7 0.930452
29349.1 0.930452
29401.2 0.930452
29455.4 0.930452
29508 0.930452
29581.1 0.930452
29663.5 0.930452
29746.8 0.930452
29821.3 0.930452
29880.4 0.930452
29942.6 0.930452
30003.5 0.930452
30064 0.930452
30127.4 0.930452
30187.8 0.930452
30254.4 0.930452
30320.6 0.930452
30387.5 0.930452
30443.5 0.930452
30498.4 0.930452
30554.5 0.930452
30611.1 0.930452
30667.4 0.930452
30723 0.930452
30774.3 0.930443
30824.5 0.930443
30876.2 0.930443
30928.3 0.930443
30976.5 0.930443
31018.7 0.930443
31061.1 0.930443
31104.2 0.930443
31146.7 0.930443
31189.8 0.930443
31236.4 0.930443
31293.3 0.930497
31358 0.930497
31421.8 0.930497
31483.6 0.930497
31558.2 0.930497
31636.6 0.930497
31693.8 0.930497
31755.6 0.930371
31810.5 0.930371
31872.3 0.930371
31929.9 0.930371
31999.3 0.930371
32070.7 0.930371
32138.4 0.930371
32212.1 0.930371
32280.5 0.930371
32355.6 0.930371
32431.3 0.930371
32505.2 0.930371
32577.9 0.930371
32654.6 0.930371
32730.9 0.93038
32807.9 0.93038
32883.9 0.93038
32961.1 0.93038
33035.9 0.93038
33113.4 0.93038
33189.3 0.93038
33265.8 0.93038
33341.7 0.93038
33417.1 0.93038
33491.5 0.93038
33567.3 0.93038
33641.9 0.93038
33717.8 0.93038
33793.3 0.93038
33867.1 0.93038
33941.5 0.93038
34016.7 0.930371
34091.8 0.930371
34166.9 0.930371
34242.1 0.930371
34315.4 0.930371
34384.2 0.930371
34452.9 0.930371
34520.3 0.930371
34588 0.930371
34659.4 0.930371
34728.9 0.930371
34795.7 0.930371
34861 0.930371
34933.5 0.930371
35004.1 0.930371
35073.4 0.930371
35139.6 0.930371
35213.5 0.930371
35284.4 0.930371
35355.9 0.930371
35428.7 0.930371
35495.8 0.930371
35552.4 0.930371
35633.2 0.930371
35714.2 0.930371
35795.5 0.930371
35859.2 0.930371
35910.7 0.930371
35979.8 0.930371
36076.6 0.930371
36163.6 0.930371
36250.9 0.930371
36321 0.930371
36390 0.930371
36461 0.93038
36520.8 0.93038
36587.6 0.93038
36666.5 0.93038
36730.9 0.93038
36794.8 0.93038
36873.7 0.93038
36942.2 0.93038
37000.8 0.93038
37076.2 0.930371
37148.1 0.930371
37211.4 0.930371
37295.8 0.930371
37389.7 0.930371
37484.5 0.930371
37574.5 0.930371
37658.5 0.930371
37733.7 0.930371
37810.3 0.930371
37904.7 0.930371
37999.5 0.930371
38091.2 0.930371
38181.7 0.930371
38272.9 0.930371
38363.2 0.930371
38437 0.930371
38510.7 0.930371
38584.9 0.930371
38656.6 0.930371
38729.9 0.930371
38801.6 0.930371
38872.4 0.930371
38944.3 0.930371
39016.7 0.930371
39087.6 0.930371
39157.9 0.93038
39230.8 0.93038
39298.9 0.93038
39367.5 0.93038
39435.2 0.93038
39506.4 0.93038
39577.5 0.93038
39653.7 0.93038
39729.3 0.93038
39803.9 0.93038
39885.4 0.93038
39973.8 0.93038
40059.9 0.93038
40141.7 0.93038
40218.8 0.93038
40292.4 0.93038
40373.1 0.93038
40454.8 0.93038
40535.9 0.93038
40614.9 0.93038
40695.4 0.93038
40776.6 0.93038
40857.8 0.93038
40939.1 0.93038
41015.3 0.93038
41092.9 0.93038
41174.2 0.93038
41231.6 0.93038
41290.4 0.93038
41342.4 0.93038
41408.5 0.93038
41466.2 0.93038
41526.5 0.93038
41587.4 0.93038
41654.3 0.93038
41724.4 0.93038
41794.2 0.93038
41868.3 0.93038
41936.3 0.93038
41999 0.93038
42062.3 0.93038
42126.8 0.93038
42190.1 0.93038
42253.6 0.93038
42317.4 0.93038
42384.7 0.93038
42456.1 0.93038
42528.7 0.93038
42597.3 0.93038
42669.3 0.93038
42739.4 0.93038
42801 0.93038
42859.8 0.93038
42937 0.93038
43013.9 0.93038
43094.8 0.93038
43182.2 0.93038
43260 0.93038
43336.3 0.93038
43414.7 0.93038
43490.5 0.93038
43569.3 0.93038
43647.6 0.93038
43723.9 0.93038
43808.1 0.93038
43895.1 0.93038
43974.8 0.93038
44051.2 0.93038
44128.1 0.93038
44207 0.93038
44285.2 0.93038
44362.9 0.93038
44415.3 0.93038
44476.3 0.93038
44535.2 0.93038
44622.3 0.93038
44670.9 0.93038
44730.3 0.93038
44808.2 0.93038
44883.4 0.93038
44960.5 0.93038
45038.7 0.93038
45115.2 0.93038
45192.2 0.93038
45272.9 0.93038
45352.7 0.93038
45431.2 0.930389
45504.9 0.930389
45577.2 0.930389
45649.3 0.93038
45721.8 0.93038
45792.2 0.93038
45863.8 0.93038
45939 0.93038
46018 0.93038
46094.2 0.93038
46177.6 0.93038
46255.3 0.93038
46333.1 0.93038
46418.3 0.93038
46492.8 0.93038
46580.3 0.93038
46656.9 0.93038
46723.3 0.93038
46800.3 0.93038
46869.4 0.93038
46941.4 0.93038
47014.7 0.93038
47066.3 0.93038
47122.3 0.93038
47184.1 0.93038
47245.8 0.93038
47304.8 0.93038
47381.6 0.93038
47452.2 0.93038
47516.9 0.93038
47596.9 0.93038
47660.3 0.93038
47720.2 0.93038
47778.6 0.93038
47837.5 0.93038
47896.5 0.93038
47956.2 0.93038
48018.6 0.93038
48082.7 0.93038
48158 0.93038
48226.1 0.930389
48285.4 0.930389
48351.9 0.930389
48408.2 0.930389
48461.8 0.930389
48522.9 0.930389
48594.5 0.930389
48674.3 0.930389
48730.9 0.930389
48783.9 0.930389
48838.7 0.930389
48892.9 0.930389
48946.8 0.930389
49000.2 0.930389
49055.4 0.930389
49108 0.930389
49163.1 0.930389
49215.8 0.930389
49270.8 0.930389
49323.9 0.930389
49377.6 0.930389
49436.4 0.930389
49496.5 0.930389
49556.3 0.930389
49615 0.930389
49675.7 0.930389
49735 0.930389
49794 0.930389
49855 0.930389
49914 0.930389
49974.4 0.930389
50034.3 0.930389
50093.3 0.930389
50154.2 0.930389
50212.7 0.930389
50273.4 0.930389
50332.8 0.930389
50392.5 0.930389
50453.4 0.930389
50514.5 0.930389
50575.9 0.930389
50635 0.930389
50694.7 0.930389
50755.2 0.930389
50814.1 0.930389
50874.7 0.930389
50933.9 0.930389
50994.5 0.930389
51053.8 0.930389
51113.1 0.930389
51174.2 0.930389
51233.3 0.930389
51293.8 0.930389
51353.6 0.930389
51413.5 0.930389
51473.5 0.930389
51532.5 0.930389
51593.5 0.930389
51654.5 0.930389
51715.7 0.930389
51775 0.930389
51837.8 0.930389
51917.3 0.930389
51985.6 0.930389
52068.1 0.930389
52136.7 0.930389
52220.3 0.930389
52298.6 0.930389
52373.5 0.930389
52457.7 0.930389
52529 0.930389
52604.9 0.930389
52682.6 0.930389
52748.3 0.930389
52828.5 0.930389
52905.2 0.930389
52988 0.930389
53057.2 0.930389
53122.3 0.930389
53186.6 0.930389
53251.2 0.930389
53314.1 0.930389
53377 0.930389
53441.6 0.930389
53504.5 0.930389
53570.3 0.930389
53632.7 0.930389
53696.3 0.930389
53760.2 0.930389
53823.2 0.930389
53886.9 0.930389
53948.3 0.930389
54011 0.930389
54072.7 0.930389
54136 0.93038
54197.3 0.93038
54261.5 0.93038
54321.4 0.93038
54384.8 0.93038
54447.6 0.930362
54509.1 0.930362
54571.7 0.930362
54633.2 0.930362
54695.9 0.930362
54756.7 0.930362
54820.1 0.930362
54883.5 0.930362
54950.2 0.930362
55012.5 0.930362
55077.9 0.930362
55140.1 0.930362
55194.4 0.930362
55248.1 0.930362
55302.9 0.930362
55356.8 0.930362
55410.6 0.930362
55464.8 0.930362
55519.3 0.930362
55573.7 0.930362
55627.2 0.930362
55682 0.930362
55736.5 0.930362
55790.6 0.930362
55844.7 0.930362
55898.9 0.930362
55952.3 0.930362
56006.2 0.930362
56059.9 0.930362
56114.8 0.930362
56168.2 0.930362
56222.3 0.930362
56277.4 0.930362
56330.5 0.930362
56384.8 0.930362
56439.5 0.930362
56493.2 0.930362
56547.6 0.930362
56602.3 0.930362
56656.4 0.930362
56710.8 0.930362
56764.5 0.930362
56819.1 0.930362
56872.7 0.930362
56927.3 0.930362
56981.8 0.930362
57034.8 0.930362
57088.9 0.930362
57143.5 0.930362
57197.1 0.930362
57251.2 0.930362
57306.1 0.930362
57360.2 0.930362
57414.7 0.930362
57468.3 0.930362
57523.3 0.930362
57577.3 0.930362
57631.9 0.930362
57686.1 0.930362
57745.2 0.930362
57824.1 0.930362
57889.5 0.930362
57938.1 0.930362
57999.6 0.930362
58061.9 0.930362
58110 0.930362
58167.5 0.930362
58219.1 0.930362
58260.5 0.930362
58312.9 0.930362
58364.2 0.930362
58403.4 0.930362
58451.5 0.930362
58502.4 0.930362
58546.4 0.930371
58591.6 0.930371
58647 0.930371
58691.7 0.930371
58736 0.930371
58788.8 0.930371
58838.8 0.930371
58880.1 0.930371
58930.9 0.930371
58982.4 0.930371
59031.9 0.930371
59082.3 0.930371
59126.9 0.930371
59170.2 0.930371
59215.1 0.930371
59252.9 0.930371
59298.2 0.930371
59377.2 0.930371
59450 0.930371
59535.9 0.930371
59606.5 0.930371
59691.2 0.930371
59775.8 0.930371
59845.4 0.930371
59929.5 0.930371
60011.5 0.930371
60082.1 0.930371
60166.5 0.930371
60248.6 0.930371
60321.1 0.930371
60405.5 0.930371
60486.5 0.930371
60560 0.930371
60644.7 0.930371
60725.7 0.930371
60801.9 0.930371
60887.8 0.930371
60968.5 0.930371
61044.7 0.930371
61129.7 0.930371
61213.4 0.930371
61294.4 0.930371
61376.9 0.930371
61451.1 0.930371
61530.4 0.930371
61606.8 0.930371
61676 0.930371
61746.2 0.930371
61825.5 0.930371
61903.9 0.930371
61979.7 0.930371
62057.1 0.930371
62128.6 0.930371
62194.7 0.930371
62270.7 0.930371
62346.7 0.930371
62429.1 0.930371
62507.8 0.930371
62588.9 0.930371
62670.1 0.930371
62743.6 0.930371
62816.9 0.930371
62889.8 0.930371
62964.7 0.930371
63038.9 0.93038
63122.5 0.93038
63196.4 0.93038
63268 0.93038
63336.1 0.93038
63407.3 0.93038
63475.5 0.93038
63546.7 0.93038
63614.7 0.93038
63686.2 0.93038
63754.4 0.93038
63827.5 0.93038
63906 0.93038
64003.1 0.93038
64091 0.93038
64185.3 0.93038
64276.2 0.93038
64365.3 0.93038
64461.2 0.93038
64548.3 0.93038
64645.8 0.93038
64733.3 0.930389
64829.9 0.930389
64924.4 0.930389
65012 0.930389
65109.5 0.930389
65196.6 0.930389
65290.5 0.930389
65368.1 0.930389
65446.2 0.930389
65530.6 0.930389
65611.3 0.930389
65692 0.930389
65776.3 0.930389
65861.7 0.930389
65937.8 0.930389
65982.4 0.930389
66029 0.930389
66076.4 0.930389
66123.1 0.930389
66168.7 0.930389
66215.3 0.930389
66279.6 0.930389
66356.9 0.930389
66437.1 0.930389
66495.2 0.930389
66569.4 0.930389
66624.9 0.930389
66669.7 0.930389
66727.6 0.930389
66786.2 0.930389
66863.8 0.930389
66920.5 0.930389
67002.7 0.930389
67070.9 0.930389
67149 0.930389
67223.6 0.930389
67299.4 0.930389
67370.9 0.930389
67436.1 0.930389
67503.4 0.930389
67568.8 0.930389
67631.7 0.930389
67699 0.930389
67763.5 0.930389
67831.1 0.930389
67898.6 0.930389
67970.3 0.930389
68050.2 0.930389
68123.8 0.930389
68208.3 0.930389
68281.1 0.930389
68366.8 0.930389
68445.3 0.930389
68529.7 0.930389
68609.3 0.930389
68691.1 0.930389
68774.4 0.930389
68854.5 0.930389
68938.5 0.930389
69011.8 0.930389
69095.3 0.930389
69173.1 0.930389
69257.3 0.930389
69335.7 0.930389
69394.9 0.930389
69467.7 0.930389
69540.5 0.930389
69598.1 0.930389
69640 0.930389
69682.4 0.930389
69743.1 0.930389
69806.1 0.930389
69877.4 0.930389
69956.5 0.930389
70046.5 0.930389
70152 0.930389
70257.2 0.930389
70363 0.930389
70466 0.930389
70570.8 0.930389
70660.1 0.930389
70737.5 0.930389
70825.7 0.930389
70910.4 0.930389
70993 0.930389
71081.6 0.930389
71168 0.930389
71257.8 0.930389
71346 0.930389
71434.1 0.930389
71517.4 0.930389
71604.5 0.930389
71691.5 0.930389
71775.5 0.930389
71861.2 0.930389
71947.8 0.930389
72037 0.93038
72123.9 0.93038
72209 0.93038
72296.6 0.93038
72384.6 0.93038
72472.7 0.93038
72555.4 0.93038
72641.4 0.930371
72730 0.930371
72816.6 0.930371
72906.7 0.930371
72983.3 0.930371
73070.9 0.930371
73156.9 0.930371
73244.2 0.930371
73330.8 0.930371
73414.3 0.930371
73499.6 0.930371
73588.7 0.930371
73677.1 0.930371
73755.9 0.930371
73845.1 0.930371
73925 0.930371
74014.1 0.930371
74093.6 0.930371
74176.6 0.930371
74256.6 0.930371
74343.5 0.930371
74432.2 0.930371
74518.9 0.930371
74601.4 0.930371
74688.9 0.930371
74770.8 0.930371
74859.9 0.930371
74942.2 0.930371
75025.3 0.930371
75117.3 0.930371
75194.9 0.930371
75259.1 0.930371
75320.9 0.930371
75380.6 0.930371
75484.1 0.930371
75602.4 0.930371
75720.4 0.930371
75837.4 0.930371
75930.6 0.930371
76049.4 0.930371
76109.2 0.930371
76165.8 0.930371
76222.5 0.930371
76280.2 0.930371
76337 0.930371
76393.9 0.930371
76450.7 0.930371
76507.3 0.930371
76563.9 0.930371
76622.7 0.930371
76682.3 0.930371
76739.7 0.930371
76796.4 0.930371
76852.5 0.930371
76910.2 0.930371
76967 0.930371
77023.8 0.930371
77080.5 0.930371
77137.1 0.930371
77191.4 0.930371
77247.2 0.930371
77302.8 0.930371
77356.9 0.930371
77413.4 0.930371
77468.4 0.930371
77524.1 0.930371
77580 0.930371
77634.2 0.930371
77689.1 0.930371
77746.1 0.930371
77802 0.930371
77857.6 0.930371
77911.8 0.930371
77966.3 0.930371
78023.6 0.930371
78077.9 0.930371
78134.4 0.930371
78189.2 0.930371
78246.4 0.930371
78303.6 0.930371
78360.6 0.930371
78406.2 0.930371
78461.4 0.930371
78519 0.930371
78578.5 0.930371
78625.8 0.930371
78685.1 0.930371
78744.5 0.930362
78803.3 0.930362
78850.8 0.930362
78910.4 0.930362
78969.9 0.930362
79028.6 0.930362
79085.7 0.930362
79142.1 0.930362
79198.9 0.930362
79245.5 0.930362
79304.8 0.930362
79364.1 0.930362
79422.2 0.930362
79483.9 0.930362
79559.4 0.930362
79618.6 0.930362
79696.2 0.930362
79751.9 0.930362
79829.2 0.930362
79884.4 0.930362
79961.1 0.930362
80016.4 0.930362
80092.7 0.930362
80151.6 0.930362
80227.8 0.930362
80273.5 0.930362
80306.2 0.930362
80387.2 0.930362
