time accuracy
223.876 0.920176
444.517 0.918967
675.602 0.91783
901.851 0.916198
1134.91 0.914989
1364.65 0.913951
1583.14 0.913762
1808.71 0.913256
2034.49 0.913121
2250.73 0.912932
2488.36 0.912805
2736.3 0.912841
2952.04 0.912508
3167.24 0.912435
3399.27 0.912219
3631.14 0.91239
3869.85 0.912327
4114.46 0.912354
4355.25 0.912282
4585.66 0.912381
4824.77 0.912435
5060.32 0.912598
5296.82 0.912544
5522.07 0.91258
5744.56 0.912607
5957.07 0.912363
6184.61 0.912553
6385.95 0.912336
6627.43 0.9123
6862.76 0.912481
7083.2 0.912201
7288.2 0.912372
7532.77 0.912426
7738.08 0.912408
7959.05 0.912381
8176.29 0.912399
8407.96 0.912426
8637.82 0.912553
8877.62 0.912481
9105.3 0.912481
9333.01 0.912463
9540.49 0.912499
9748.01 0.912526
9970.27 0.912598
10203.4 0.91276
10437.1 0.912598
10696.5 0.91249
10926.4 0.912562
11120.8 0.912571
11315.4 0.912607
11548.1 0.912571
11770.6 0.912607
11978.3 0.912643
12187.4 0.912643
12401.5 0.912499
12640.2 0.91258
12852.4 0.912535
13060.4 0.912499
13262.9 0.912517
13472.6 0.912526
13703.7 0.912571
13920.2 0.912544
14168 0.912571
14418.5 0.912517
14656.5 0.912517
14884.5 0.912562
15127.5 0.912508
15356.6 0.912508
15590.5 0.912454
15812 0.912445
16022.5 0.912526
16243.7 0.912526
16453.8 0.912499
16650.5 0.912499
16836.7 0.912535
17045.1 0.912517
17249.7 0.91249
17461.4 0.912688
17690.7 0.912715
17916.8 0.91249
18151.8 0.912643
18420.4 0.912652
18661.3 0.912742
18869 0.912661
19092.2 0.912697
19304.2 0.912679
19522.7 0.912742
19750.2 0.912634
19951.2 0.912643
20159.2 0.912634
20362.1 0.912598
20582.7 0.912616
20802.8 0.912634
21015.3 0.912643
21236.5 0.91258
21451.7 0.912571
21688.6 0.912616
21916 0.912562
22143.7 0.912634
22355.7 0.912544
