time accuracy
273.649 0.921214
567.274 0.91968
835.593 0.917244
1099.31 0.915828
1371.3 0.91498
1647.79 0.914267
1944.77 0.913789
2222.96 0.913392
2501.94 0.91332
2782.94 0.912742
3117.36 0.912959
3398.23 0.91276
3697.1 0.912535
3993.72 0.912426
4285.08 0.912336
4620.73 0.912327
4914.13 0.912445
5190.58 0.912381
5455.91 0.912282
5740.22 0.912426
6028.23 0.912472
6302.03 0.912571
6594.64 0.912616
6854.73 0.912535
7114.85 0.912607
7421.79 0.912634
7713.67 0.912571
8009.79 0.912309
8269.02 0.912273
8541.66 0.912336
8819.34 0.912309
9090.08 0.912372
9367.37 0.912445
9674.52 0.912426
9942.79 0.912426
10227.6 0.91239
10523 0.912426
10823.9 0.912426
11071.5 0.912426
11320.7 0.912535
11603.8 0.912463
11886.9 0.91249
12148.3 0.912445
12438.7 0.912562
12689.5 0.912607
12928.4 0.912589
13188.6 0.912598
13428.9 0.912544
13673.8 0.912571
13930.8 0.912832
14197.4 0.912553
14443.8 0.912643
14683 0.912562
14930.8 0.912535
15170.9 0.91258
15410.8 0.912562
15638 0.912535
15888.1 0.912598
16141.2 0.912571
16379.7 0.912553
16626.7 0.91249
16860.5 0.912499
17099.4 0.912535
17340.1 0.912517
17581.6 0.91249
17820.9 0.912526
18059.9 0.912571
18300.3 0.912526
18538.9 0.912517
18777 0.912499
19027.4 0.912526
19270.4 0.912544
19520.8 0.912553
19760.3 0.912463
20006.4 0.912445
20240.2 0.912435
20461.8 0.912435
20699.5 0.912445
20944.8 0.912445
21178.8 0.912481
21405 0.912508
21638.4 0.912778
21890.2 0.912724
22121.4 0.912454
22353.3 0.912742
22586 0.912715
22819.2 0.912751
