time accuracy
2.50275 0.873705
4.48994 0.884198
6.40042 0.890738
8.46233 0.891289
10.577 0.891253
12.7206 0.891866
14.9129 0.892931
17.1702 0.893896
19.4838 0.894482
21.8076 0.895006
24.1705 0.895366
26.5415 0.897261
28.9322 0.896431
31.3895 0.897938
33.8812 0.898407
36.3606 0.899228
38.8306 0.899489
41.3141 0.900157
43.832 0.901258
46.3379 0.901411
48.8637 0.900265
51.4218 0.902448
53.9813 0.90326
56.5392 0.903152
59.1325 0.905299
61.6982 0.905732
64.2689 0.905371
66.5617 0.906057
68.8478 0.907239
71.0973 0.907907
73.3476 0.908601
75.6029 0.909359
77.8768 0.909693
80.1588 0.910135
82.4442 0.910496
84.7341 0.911326
87.0308 0.911371
89.3281 0.912111
91.6303 0.912372
93.9496 0.913554
96.2637 0.913933
98.5823 0.915196
100.906 0.914925
103.236 0.916243
105.629 0.915954
107.982 0.915331
110.327 0.916829
112.674 0.916784
115.106 0.91673
118.227 0.917163
121.01 0.918155
123.924 0.918173
126.848 0.918444
129.759 0.917064
132.684 0.919256
135.62 0.91913
139.033 0.919427
142.428 0.918688
145.834 0.920059
149.241 0.919969
152.655 0.919887
156.065 0.919923
158.441 0.919436
160.808 0.919499
163.169 0.92051
165.528 0.921178
167.892 0.92088
170.25 0.920826
172.619 0.920997
174.976 0.920988
177.337 0.921268
179.689 0.921502
182.062 0.921917
184.416 0.921205
186.766 0.921683
189.115 0.921818
191.46 0.921511
193.807 0.921953
196.156 0.921999
198.526 0.921836
200.869 0.922729
203.214 0.921953
205.558 0.922477
207.901 0.922675
210.244 0.922585
212.585 0.922946
214.926 0.92309
217.26 0.923415
219.596 0.923352
221.955 0.923225
224.337 0.923577
227.064 0.923424
229.474 0.92337
231.798 0.923839
234.126 0.923451
236.459 0.923496
238.786 0.92392
241.105 0.923586
243.499 0.923803
246.888 0.923956
250.264 0.923803
253.595 0.923875
255.91 0.924714
258.224 0.923758
260.539 0.924155
263.147 0.92337
266.027 0.923821
268.868 0.924624
271.677 0.924164
274.421 0.924561
277.037 0.924101
279.666 0.92475
282.275 0.924452
284.99 0.924723
288.475 0.924922
291.866 0.925156
295.267 0.925346
298.662 0.924903
302.043 0.924949
305.374 0.924967
308.003 0.925057
310.685 0.925481
313.864 0.925427
316.511 0.924714
318.998 0.925427
321.287 0.925535
323.584 0.925499
326.309 0.925255
329.694 0.925779
332.927 0.925571
335.393 0.92521
337.662 0.925914
339.936 0.925634
342.198 0.925318
344.492 0.925797
346.905 0.925824
349.724 0.925833
352.397 0.92595
355.051 0.925824
357.699 0.925688
360.339 0.926266
362.999 0.92595
365.633 0.926248
368.264 0.926004
370.892 0.926058
373.516 0.926067
376.141 0.926067
378.761 0.926554
381.383 0.926257
384.001 0.926212
386.628 0.926636
389.216 0.926708
391.801 0.926446
394.383 0.926383
396.959 0.926699
399.53 0.926924
402.098 0.926744
404.671 0.926681
407.244 0.92678
409.842 0.926663
412.406 0.926374
414.968 0.926347
417.532 0.926906
420.099 0.927105
422.664 0.926798
424.982 0.926816
427.213 0.927042
429.443 0.927078
431.676 0.927105
433.904 0.927132
436.128 0.927303
438.356 0.926825
440.586 0.927384
442.813 0.927231
445.042 0.926582
447.267 0.927006
449.554 0.927321
452.29 0.926942
454.573 0.927087
456.823 0.927628
459.073 0.927078
461.377 0.926951
463.632 0.927583
465.882 0.927484
468.133 0.927402
470.383 0.927393
472.699 0.92743
475.481 0.927276
477.733 0.927285
479.98 0.927339
482.226 0.927249
484.474 0.927231
486.719 0.927637
489.017 0.927276
491.258 0.927439
493.501 0.927294
495.746 0.927817
497.984 0.927231
500.234 0.927601
502.492 0.927511
504.736 0.92752
506.998 0.927366
509.26 0.927718
511.527 0.92752
513.794 0.927402
516.035 0.927628
518.339 0.928007
521.485 0.927511
524.642 0.927547
527.699 0.927646
529.957 0.927908
532.215 0.927538
534.431 0.927195
536.847 0.92798
539.056 0.927619
541.271 0.9277
543.484 0.92789
545.69 0.927682
547.897 0.927736
550.11 0.927691
552.348 0.927854
554.636 0.927583
557.768 0.927763
560.929 0.927827
564.063 0.927754
567.192 0.927754
570.252 0.927827
572.458 0.927727
574.661 0.927944
576.867 0.927845
579.07 0.927836
581.275 0.927845
583.486 0.928088
585.689 0.927727
587.897 0.927772
590.099 0.928124
592.306 0.927745
594.582 0.927745
596.835 0.927574
599.085 0.927863
601.427 0.927574
604.599 0.92742
607.697 0.927727
610.802 0.928205
613.944 0.927908
617.056 0.927926
620.174 0.927998
623.29 0.927827
626.469 0.927881
629.609 0.9277
632.81 0.928097
635.916 0.927799
638.164 0.927384
640.411 0.927736
642.651 0.927709
644.917 0.928097
648.049 0.927754
651.168 0.927637
654.29 0.927881
657.415 0.927574
660.534 0.927854
663.656 0.927799
666.767 0.928034
669.848 0.927457
672.94 0.92752
675.508 0.927917
678.407 0.927691
680.992 0.928052
683.575 0.927709
686.209 0.927736
688.841 0.927258
691.427 0.927565
694.01 0.92761
696.894 0.9277
700.088 0.927691
703.286 0.927691
706.477 0.927511
709.675 0.927475
712.525 0.927736
715.123 0.9277
717.865 0.927971
720.8 0.927448
723.482 0.927944
726.134 0.927529
728.592 0.927484
731.079 0.927619
733.776 0.927556
736.507 0.927682
739.205 0.927601
741.888 0.927709
744.632 0.927601
747.339 0.927989
749.901 0.927493
753.317 0.927601
756.414 0.927583
759.043 0.927935
762.293 0.927754
765.498 0.927466
768.547 0.927799
771.328 0.927457
773.871 0.927718
776.45 0.927502
779.061 0.928269
781.553 0.927754
784.025 0.92798
786.497 0.927466
788.7 0.927817
791.962 0.927709
795.276 0.927547
798.469 0.9277
801.459 0.927872
804.056 0.927827
806.624 0.927574
809.198 0.92798
811.771 0.927285
814.34 0.927646
816.951 0.92742
819.715 0.927339
822.465 0.927592
825.227 0.927646
827.99 0.927312
830.75 0.927664
833.312 0.927547
835.885 0.927664
838.475 0.92743
841.047 0.927637
843.622 0.927935
846.185 0.927249
848.763 0.927601
851.352 0.928142
853.936 0.927285
856.396 0.927294
858.851 0.927493
861.307 0.927817
863.765 0.927817
866.273 0.927457
868.749 0.927294
871.361 0.927448
873.926 0.927538
876.49 0.927466
879.06 0.927619
881.626 0.927556
884.193 0.927511
886.761 0.927303
889.331 0.927556
891.897 0.927411
894.461 0.927448
897.025 0.927267
899.596 0.927132
902.195 0.92761
904.766 0.927511
907.337 0.927303
909.896 0.927159
912.468 0.927231
915.042 0.927159
917.638 0.927502
920.2 0.92733
922.758 0.927051
925.353 0.927204
927.966 0.927141
930.526 0.927042
933.09 0.927664
935.654 0.927168
938.222 0.927439
940.781 0.926816
943.341 0.927439
945.897 0.927312
948.455 0.92715
951.015 0.927177
953.566 0.926843
956.121 0.927411
958.674 0.927303
961.263 0.927042
963.825 0.927042
966.379 0.927123
968.945 0.927168
971.694 0.927321
974.439 0.926951
977.178 0.927168
979.735 0.92742
982.289 0.92743
984.854 0.927402
987.603 0.927321
990.351 0.927141
993.103 0.927096
995.663 0.927006
998.224 0.927168
1000.8 0.927114
1003.36 0.92715
1005.91 0.927015
1008.47 0.926933
1011.05 0.926987
1013.65 0.926978
1016.21 0.926978
1018.76 0.927114
1021.32 0.927448
1023.9 0.926852
1026.45 0.92724
1029 0.927583
1031.55 0.927222
1034.1 0.927141
1036.66 0.927132
 0.927105
