time accuracy
250.015 0.928386
507.801 0.927718
762.446 0.926392
1025.35 0.926157
1290.31 0.924822
1554.36 0.923992
1806.71 0.924705
2064.38 0.923812
2311.86 0.923469
2563.72 0.923216
2812.79 0.922567
3060.81 0.922251
3312.88 0.922278
3557.9 0.922116
3810.36 0.922441
4058.92 0.922152
4311.49 0.922017
4563.63 0.922341
4813.45 0.921809
5063.5 0.92162
5313.91 0.921701
5562.96 0.921466
5825.08 0.921114
6085.88 0.920763
6345.36 0.920997
6604.95 0.920772
6861.57 0.920537
7123.65 0.920266
7380.84 0.92051
7638.07 0.920402
7895.44 0.919752
8147.86 0.91996
8402.35 0.919743
8657.33 0.919887
8904.57 0.919509
9154.33 0.919265
9406.14 0.919139
9660.45 0.919463
9907.09 0.919481
10157.2 0.91959
10406.1 0.919139
10649 0.91903
10903 0.918976
11152.3 0.918624
11401.8 0.918489
11648.4 0.91857
11904.4 0.918453
12150.8 0.918471
12398.6 0.917984
12643.9 0.918101
12892.6 0.918137
13143.9 0.918002
13395.4 0.917821
13644.8 0.917767
13883 0.917352
14119.2 0.917533
14355.7 0.917406
14594.3 0.917307
14830.7 0.917569
15067.9 0.917289
15307.9 0.917434
15545.2 0.917587
15781.5 0.916901
16016.1 0.917118
16250.5 0.917352
16484.6 0.917424
16717.1 0.917226
16951.9 0.917046
17187.3 0.917434
17423.3 0.917406
17657.1 0.917551
17890.7 0.917497
18123.4 0.917136
18358.8 0.917172
18591 0.917253
18826.8 0.917163
19062.5 0.916856
19297.9 0.917082
19534.8 0.917109
19770.4 0.917217
20005.2 0.9171
20240.6 0.917172
20474.8 0.91719
20709.9 0.917073
20944.6 0.9171
21179.6 0.917046
21414.3 0.917019
21648.9 0.917037
21884.3 0.9171
22118.9 0.916676
22353.8 0.916712
22588.8 0.916685
22825 0.916856
