time accuracy
3.07978 0.884017
5.6733 0.890955
8.16211 0.896954
10.7856 0.898849
13.3309 0.901005
15.8908 0.904758
18.4728 0.908628
21.0702 0.908782
23.6289 0.912372
26.1992 0.913293
28.8115 0.915864
31.338 0.909964
33.8735 0.912661
36.5488 0.915701
39.2284 0.917244
41.8071 0.913671
44.3884 0.913103
46.9763 0.912435
49.581 0.916143
52.1862 0.913419
54.8145 0.914014
57.4372 0.911236
60.2059 0.914177
62.9921 0.914339
65.6089 0.915584
68.2287 0.914276
70.8803 0.913717
73.5148 0.912111
76.1574 0.912183
78.8647 0.914086
81.6155 0.914637
84.3176 0.913103
87.0248 0.91396
89.7369 0.912941
92.4504 0.912697
95.1654 0.914195
97.8825 0.912544
100.53 0.913924
103.172 0.914222
105.817 0.912553
108.474 0.912859
111.216 0.91433
113.958 0.912652
117.129 0.914456
120.472 0.914023
124.192 0.912445
127.212 0.914411
130.311 0.912706
133.379 0.912526
136.619 0.912634
140.19 0.913653
143.027 0.913933
145.868 0.912435
148.738 0.912408
151.619 0.912823
154.421 0.912598
157.221 0.912372
160.027 0.912517
162.831 0.914222
165.644 0.913076
168.451 0.912832
171.258 0.91451
174.091 0.91239
176.899 0.914105
179.72 0.913861
182.751 0.912417
185.8 0.912517
188.517 0.912652
191.238 0.912354
193.949 0.912697
196.679 0.913987
199.492 0.91258
202.321 0.913861
205.127 0.913762
207.932 0.913753
210.74 0.913879
213.558 0.912787
216.645 0.913789
219.63 0.912435
222.551 0.912598
225.898 0.912327
228.793 0.91387
231.687 0.912174
234.565 0.912318
237.522 0.913284
240.581 0.913951
243.582 0.91249
246.56 0.913708
249.34 0.911894
252.115 0.914312
254.894 0.912327
257.674 0.911993
260.443 0.913482
263.234 0.912769
266.107 0.912571
269.006 0.913671
271.927 0.912706
274.782 0.912426
277.563 0.913265
280.334 0.91203
283.102 0.913626
285.872 0.912345
288.647 0.911984
291.413 0.912463
294.207 0.912499
297.027 0.91249
299.887 0.913753
302.762 0.911759
305.606 0.911777
308.481 0.911714
311.55 0.914005
314.612 0.913671
317.457 0.913771
320.299 0.912327
323.145 0.911948
325.989 0.912048
328.841 0.912499
331.704 0.912255
334.702 0.911678
337.721 0.91332
340.742 0.912084
343.738 0.9135
346.511 0.912354
349.254 0.913302
351.999 0.913518
354.782 0.912426
357.889 0.912237
360.832 0.912048
363.667 0.912291
366.504 0.912309
369.351 0.913554
372.404 0.912535
375.449 0.911425
378.288 0.911813
381.126 0.912399
383.963 0.911903
386.799 0.911696
389.641 0.913392
392.481 0.911849
395.321 0.911921
398.157 0.912219
400.996 0.913699
403.833 0.912372
406.699 0.911921
409.589 0.911876
412.473 0.913789
415.356 0.912228
418.316 0.91221
421.258 0.912165
424.199 0.911903
427.144 0.912309
430.181 0.912048
433.207 0.912201
436.237 0.912417
439.259 0.911488
442.3 0.912021
445.321 0.912111
448.278 0.912002
451.267 0.912372
454.114 0.912264
456.956 0.911542
459.794 0.91203
462.643 0.911858
465.484 0.912291
468.313 0.913527
471.146 0.91203
474.007 0.912318
476.857 0.911894
479.705 0.91193
482.556 0.91166
485.405 0.912291
488.294 0.911822
491.12 0.912345
494.027 0.912219
496.954 0.911993
499.882 0.913482
502.829 0.913545
505.768 0.911831
508.726 0.91322
511.558 0.912264
514.399 0.912869
517.445 0.911804
520.514 0.913076
523.457 0.91175
526.407 0.913238
529.373 0.911759
532.215 0.911795
535.258 0.911903
538.289 0.912336
541.325 0.911651
544.36 0.912138
547.309 0.911642
550.138 0.911759
553.014 0.911849
555.838 0.912084
558.663 0.911984
561.487 0.912084
564.349 0.912048
567.39 0.911461
570.39 0.911786
573.868 0.913103
577.81 0.91166
581.3 0.911624
584.576 0.911254
588.372 0.912021
591.756 0.911975
595.588 0.911569
599.421 0.911678
602.911 0.911984
606.706 0.912192
609.858 0.9135
612.945 0.911578
616.057 0.911831
618.957 0.911344
621.878 0.911975
624.809 0.911993
627.792 0.911624
630.722 0.911813
633.636 0.91156
636.528 0.913103
639.39 0.911768
642.211 0.91203
644.995 0.912075
647.783 0.911849
650.561 0.911669
653.423 0.91156
656.281 0.911777
659.217 0.911642
662.188 0.911533
665.234 0.911876
668.746 0.911479
672.249 0.911624
675.398 0.91341
678.286 0.911975
681.141 0.911651
683.96 0.911488
686.743 0.912084
689.561 0.911948
692.333 0.911903
695.162 0.913284
697.932 0.911596
700.771 0.911542
703.7 0.911605
706.649 0.91138
709.559 0.913338
712.481 0.91166
715.427 0.91184
718.349 0.911353
721.25 0.911569
724.225 0.911416
727.092 0.91156
729.952 0.911867
732.818 0.911687
735.688 0.911957
738.538 0.911524
741.385 0.911371
744.261 0.911642
747.146 0.911777
750.038 0.911452
752.931 0.911858
755.984 0.91203
759.129 0.911344
762.306 0.911299
765.457 0.911551
768.604 0.911957
771.726 0.911786
774.783 0.911678
777.788 0.911714
780.765 0.911885
783.733 0.911714
786.713 0.911434
789.685 0.911416
792.724 0.911912
795.759 0.911858
798.894 0.911705
802.127 0.911831
805.315 0.911759
808.286 0.911714
811.074 0.911705
813.867 0.911894
816.642 0.911813
819.406 0.911921
822.189 0.911687
825.195 0.911948
827.954 0.911461
830.709 0.911452
833.491 0.911398
836.286 0.911578
839.077 0.911741
841.855 0.911939
844.659 0.911669
847.468 0.911272
850.295 0.911551
853.126 0.911416
855.922 0.911885
858.708 0.911344
861.489 0.911191
864.266 0.911281
867.037 0.911831
869.924 0.911777
873.197 0.911813
876.626 0.911642
879.79 0.911732
882.726 0.911461
885.671 0.911425
888.617 0.911479
891.54 0.911849
894.47 0.911434
897.432 0.91184
900.348 0.911723
903.271 0.911371
906.222 0.911389
909.391 0.911615
912.329 0.911669
915.196 0.911443
918.052 0.911587
920.902 0.911624
923.75 0.9112
926.51 0.91193
929.295 0.911669
932.153 0.911461
935.115 0.911425
938.001 0.911894
940.901 0.911723
943.879 0.911425
946.932 0.911849
949.973 0.911723
952.969 0.911443
956.026 0.91147
959.056 0.911687
962.044 0.911425
964.956 0.911732
967.849 0.911452
970.719 0.911822
973.615 0.911479
976.497 0.911651
979.396 0.911461
982.213 0.911317
985.036 0.911542
987.866 0.911705
990.699 0.911605
993.524 0.911434
996.345 0.911633
999.172 0.911245
1002 0.911434
1004.82 0.911605
1007.64 0.911209
1010.47 0.911524
1013.28 0.911236
1016.12 0.911299
1019.38 0.911696
1022.52 0.911804
1025.55 0.9112
1028.67 0.911569
1031.81 0.911019
1035 0.911272
1038.22 0.911407
1041.46 0.911452
1044.66 0.91147
1047.85 0.911885
1051.05 0.911191
1054.26 0.911353
1057.49 0.911741
1060.36 0.911281
1063.26 0.91156
1066.21 0.911822
1069.23 0.911633
1072.28 0.911209
1075.29 0.911633
1078.27 0.911651
1081.25 0.911461
1084.25 0.911416
1087.22 0.911605
1090.25 0.911723
1093.63 0.911416
1096.85 0.911723
1099.87 0.91129
1102.95 0.911795
1105.97 0.911344
1109.1 0.911795
1112.09 0.911452
1115.07 0.911272
1118.12 0.911389
1121.43 0.911714
1124.4 0.911714
1127.26 0.91129
1130.44 0.911786
1133.59 0.912932
1136.66 0.911371
1139.58 0.911605
1142.52 0.91147
1145.41 0.911651
1148.31 0.911777
1151.21 0.911867
1154.15 0.911831
1157.09 0.911759
1159.95 0.911533
1162.98 0.911371
1165.97 0.911506
1168.83 0.911371
1172 0.911461
1175.15 0.911804
1178.31 0.911732
1181.55 0.911723
1184.83 0.911407
1188.09 0.911587
1191.36 0.911272
1194.53 0.911434
1197.47 0.911786
1200.38 0.911678
1203.26 0.911371
1206.11 0.911524
1209.09 0.91138
1212.27 0.911831
1215.39 0.911551
1218.33 0.911254
1221.28 0.911407
1224.28 0.911506
1227.47 0.911299
1230.6 0.911434
1233.75 0.911398
1236.9 0.911398
1240.01 0.911813
1243.15 0.911443
1246.23 0.911533
1249.36 0.911425
1252.49 0.91147
1255.53 0.911678
1258.5 0.91166
1261.35 0.911506
1264.22 0.911407
1267.07 0.911624
1269.97 0.911389
1272.9 0.911443
1275.8 0.911389
1278.71 0.911443
1281.63 0.911723
1284.52 0.91138
1287.42 0.911443
1290.29 0.911714
1293.15 0.911732
1296.01 0.911696
1298.87 0.911732
1301.71 0.911344
1304.55 0.911768
1307.4 0.911705
1310.33 0.911236
1313.62 0.911326
1316.43 0.911615
1319.21 0.911407
1322.06 0.911398
1324.85 0.91193
1327.71 0.911362
1330.64 0.911407
1333.61 0.911227
1336.74 0.911416
1339.87 0.911786
1342.98 0.911822
1346.09 0.911678
1349.23 0.911245
1352.33 0.911326
1355.57 0.911272
1358.9 0.911714
1362.08 0.91175
1365.1 0.911714
1368.27 0.911407
1371.43 0.911371
1374.59 0.911569
1377.78 0.911272
1380.91 0.911389
1384.02 0.911452
1387.11 0.911587
1390.19 0.911182
1393.27 0.911759
1396.37 0.911416
1399.41 0.911416
1402.38 0.911786
1405.31 0.911371
1408.31 0.911696
1411.41 0.911578
1414.52 0.911732
1417.55 0.911443
1420.43 0.911804
1423.29 0.911443
1426.14 0.91138
1428.98 0.911326
1431.82 0.911416
1434.68 0.911389
1437.53 0.911605
1440.41 0.911272
1443.31 0.911236
1446.19 0.911398
1449.09 0.911209
1451.99 0.911182
1454.89 0.911741
1457.78 0.91175
1460.72 0.91138
1463.63 0.91138
1466.54 0.911272
1469.41 0.911551
1472.51 0.911714
1475.59 0.911488
1478.39 0.911407
1481.25 0.911389
1484.16 0.911362
1487.09 0.911443
1490.14 0.911714
1493.14 0.911542
1496.14 0.911407
1499.13 0.91129
1502.11 0.911389
1505.08 0.911696
1507.98 0.911723
1510.84 0.911407
1513.7 0.911732
1516.54 0.911786
1519.37 0.911209
1522.2 0.911687
1525.05 0.911281
1527.95 0.911308
1530.86 0.91138
1533.77 0.911723
1536.67 0.911714
1539.55 0.911407
1542.45 0.911813
1545.34 0.911461
1548.5 0.91175
1551.95 0.911254
1555.48 0.91175
1558.96 0.911678
1561.77 0.911669
1564.7 0.911389
1567.65 0.911714
1570.57 0.911281
1573.5 0.911777
1576.37 0.91147
1579.27 0.911371
1582.16 0.911624
1585.02 0.911308
1587.89 0.911416
1590.84 0.911605
1593.75 0.911326
1596.8 0.911642
1599.76 0.911624
1602.52 0.911714
1605.3 0.911705
1608.44 0.911732
1611.61 0.911407
1614.78 0.911804
1617.94 0.911723
1621.09 0.911389
1624.24 0.911687
1627.37 0.911461
1630.49 0.91138
1633.59 0.911389
1636.69 0.911425
1639.78 0.911335
1642.87 0.911452
1645.98 0.911145
1649.02 0.911317
1652.16 0.911425
1655.21 0.911714
1658.28 0.911759
1661.39 0.911687
1664.47 0.911371
1667.54 0.911362
1670.62 0.911714
1673.8 0.911723
1676.72 0.911434
1679.56 0.91175
1682.4 0.911732
1685.23 0.911398
1688.07 0.911741
1690.91 0.91166
1693.82 0.911804
1696.7 0.911696
1699.61 0.911723
1702.51 0.911723
1705.4 0.911615
1708.29 0.911633
1711.17 0.911353
1714.04 0.911515
1716.89 0.911551
1719.72 0.911425
1722.58 0.91138
1725.42 0.911723
1728.25 0.911344
1731.1 0.91175
1734.03 0.911723
1736.96 0.911732
1739.87 0.911434
1742.77 0.911741
1745.69 0.91175
1748.6 0.911669
1751.5 0.911371
1754.38 0.911407
1757.24 0.911569
1760.09 0.911714
1762.97 0.911434
1766.16 0.911696
1769.34 0.911759
1772.55 0.911308
1775.56 0.911678
1778.6 0.911389
1781.6 0.911182
1784.46 0.911398
1787.3 0.911335
1790.09 0.911714
1792.97 0.911696
1795.88 0.911272
1798.74 0.911335
1801.59 0.911362
1804.45 0.911651
1807.42 0.911407
1810.4 0.911723
1813.26 0.911768
1816.23 0.91138
1819.32 0.911389
1822.56 0.911642
1825.37 0.911624
1828.13 0.911768
1830.91 0.91175
1833.67 0.911416
1836.43 0.911678
1839.2 0.911732
1841.95 0.911362
1844.7 0.911506
1847.44 0.911236
1850.18 0.911678
1852.91 0.911227
1855.65 0.911389
1858.4 0.911353
1861.17 0.911696
1863.94 0.911461
1866.69 0.911723
1869.49 0.9112
1872.27 0.911326
1875.05 0.911398
1877.84 0.911678
1880.62 0.911542
1883.39 0.911723
1886.15 0.911714
1888.9 0.911353
1891.65 0.911705
1894.4 0.911768
1897.16 0.911425
1899.9 0.911353
1902.65 0.911651
1905.43 0.911615
1908.2 0.911759
1910.97 0.911678
1913.75 0.911326
1916.55 0.911687
1919.31 0.911227
1922.08 0.911741
1924.85 0.911615
1927.6 0.911434
1930.35 0.911705
1933.09 0.911741
1935.83 0.911605
1938.66 0.911768
1941.47 0.911389
1944.43 0.911407
1947.57 0.911371
1950.69 0.91138
1954.19 0.9112
1957.55 0.911533
1960.83 0.91138
1964.1 0.911615
1967.39 0.911587
1970.65 0.911353
1973.78 0.911714
1976.8 0.911281
1979.81 0.911335
1982.97 0.911759
1985.98 0.911344
1988.97 0.911651
1991.97 0.911209
1994.96 0.911596
1997.89 0.911272
2000.83 0.911587
2003.76 0.911362
2006.73 0.911795
2009.63 0.911642
2012.53 0.911434
2015.42 0.911687
2018.27 0.911624
2021.12 0.911696
2023.94 0.911669
2026.65 0.911642
2029.35 0.911371
2032.08 0.91138
2035.14 0.911299
2037.92 0.911245
2040.75 0.911642
2043.57 0.911488
2046.42 0.911696
2049.26 0.911434
2052.28 0.911633
2055.34 0.911317
2058.35 0.91166
2061.13 0.911344
2063.85 0.91138
2066.55 0.911669
2069.23 0.911362
2071.9 0.911389
2074.6 0.911353
2077.27 0.911362
2079.95 0.911317
2082.69 0.911353
2085.5 0.911344
2088.3 0.911398
2091.1 0.91156
2093.91 0.911705
2096.94 0.911696
2099.94 0.911669
2102.94 0.91156
2105.91 0.911398
2108.9 0.911362
2111.88 0.911389
2114.83 0.911416
2117.78 0.911362
2120.73 0.911362
2123.72 0.911353
2126.74 0.911669
2129.75 0.91138
2132.75 0.911605
2135.74 0.91138
2138.74 0.91138
2141.57 0.91156
2144.38 0.911335
2147.29 0.911443
2150.1 0.911714
2152.88 0.911299
2155.63 0.911425
2158.38 0.911299
2161.13 0.911362
2163.84 0.911633
2166.67 0.911569
2169.48 0.911741
2172.32 0.911344
2175.15 0.91138
2177.97 0.911191
2180.78 0.911335
2183.57 0.911533
2186.55 0.911705
2189.46 0.911344
2192.19 0.91138
2194.91 0.911696
2197.61 0.911362
2200.31 0.911398
2203.12 0.911714
2206.31 0.911326
2209.29 0.911398
2212.32 0.911317
2215.32 0.911362
2218.11 0.91138
2220.91 0.911281
2223.66 0.911569
2226.41 0.911344
2229.17 0.911651
2231.9 0.911705
2234.62 0.911317
2237.3 0.911371
2239.99 0.91138
2242.68 0.91138
2245.4 0.911335
2248.24 0.911371
2251.34 0.91138
2254.47 0.911344
2257.54 0.911236
2260.48 0.911633
2263.27 0.911407
2265.99 0.911524
2268.72 0.91138
2271.45 0.911678
2274.37 0.911696
2277.28 0.911091
2280.21 0.911344
2283.28 0.911777
2285.99 0.911696
2288.68 0.911344
2291.36 0.911398
2294.02 0.911335
2296.68 0.911353
2299.34 0.911299
2301.99 0.911371
2304.7 0.911389
2307.39 0.911687
2310.09 0.911218
2312.91 0.911624
2316.11 0.911696
2319.26 0.911705
2321.96 0.911732
2324.63 0.911218
2327.29 0.911371
2329.94 0.911362
2332.61 0.911705
2335.53 0.911605
2338.38 0.911669
2341.26 0.91166
2344.11 0.911714
2346.99 0.911326
2349.89 0.911714
2352.91 0.911218
2355.92 0.911344
2358.91 0.91156
2361.84 0.911353
2364.64 0.911191
2367.3 0.911669
2369.97 0.911353
2372.63 0.91138
2375.56 0.911624
2378.38 0.911669
2381.2 0.911596
2384.02 0.911326
2386.83 0.911353
2389.62 0.911344
2392.35 0.911741
2395.02 0.911642
2397.72 0.911714
2400.44 0.911209
2403.17 0.911696
2406.3 0.911182
2409.67 0.911272
2413.1 0.911353
2416.51 0.911678
2419.9 0.911633
2423.22 0.911353
2426.37 0.911678
2429.44 0.911705
2432.42 0.911335
2435.39 0.911362
2438.32 0.911587
2441.02 0.911669
2443.74 0.911533
2446.44 0.911605
2449.12 0.911353
2451.84 0.911191
2454.53 0.911678
2457.22 0.911371
2459.9 0.911642
2462.59 0.911741
2465.27 0.911651
2468.2 0.911696
2471.09 0.911434
2473.74 0.911479
2476.43 0.911299
2479.14 0.911335
2481.85 0.9111
2484.57 0.911723
2487.26 0.911362
2490.03 0.911651
2492.71 0.911587
2495.36 0.911308
2498.01 0.911578
2500.67 0.911344
2503.33 0.911353
2505.98 0.911362
2508.68 0.911678
2511.42 0.911605
2514.13 0.911308
2516.82 0.911335
2519.52 0.911678
2522.21 0.911227
2524.87 0.911696
2527.53 0.911371
2530.17 0.911497
2532.81 0.911497
2535.46 0.911678
2538.12 0.911705
2540.87 0.911371
2543.54 0.911669
2546.25 0.91166
2549.11 0.91138
2551.8 0.911182
2554.56 0.911353
2557.46 0.911353
2560.44 0.911669
2563.47 0.911317
2566.52 0.911732
2569.33 0.911209
2572.17 0.911407
2575.09 0.911696
2577.8 0.911362
2580.78 0.911371
2583.82 0.911353
2586.88 0.911669
2590 0.911362
2593.12 0.911714
2596.12 0.911524
2599.02 0.911642
2601.9 0.911551
2604.75 0.911669
2607.66 0.91166
2610.75 0.911281
2613.68 0.911353
2616.72 0.911669
2619.99 0.911488
2623.24 0.91156
2626.69 0.91166
2629.93 0.911362
2633.11 0.911371
2636.03 0.911479
2638.86 0.911335
2641.65 0.911362
2644.3 0.911317
2646.93 0.911163
2649.58 0.911353
2652.31 0.911669
2655.04 0.911678
2657.76 0.911642
2660.48 0.911651
2663.2 0.911678
2665.91 0.911308
2668.63 0.911642
2671.34 0.911651
2674.07 0.911605
2676.78 0.911669
2679.51 0.911227
2682.22 0.911633
2684.94 0.911344
2687.66 0.911705
2690.37 0.911651
2693.09 0.911335
2696.02 0.91166
2698.95 0.911281
2701.89 0.911227
2704.83 0.911633
2707.59 0.911317
2710.52 0.911335
2713.45 0.911353
2716.26 0.911326
2719 0.911335
2721.74 0.911362
2724.39 0.911542
2727.04 0.911642
2729.78 0.9112
2732.51 0.91138
2735.25 0.911299
2737.99 0.911533
2740.71 0.911326
2743.43 0.911714
2746.16 0.911696
2748.89 0.911317
2751.62 0.911326
2754.27 0.911371
2756.91 0.911371
2759.54 0.911642
2762.23 0.911542
2764.87 0.911136
2767.5 0.91138
2770.17 0.911172
2772.81 0.911317
2775.45 0.911407
2778.11 0.911308
2780.74 0.911344
2783.39 0.911651
2786.02 0.911227
2788.8 0.911353
2791.53 0.911705
2794.41 0.911326
2797.04 0.911362
2799.68 0.911326
2802.31 0.911669
2804.94 0.911317
2807.58 0.911524
2810.22 0.911696
2812.86 0.911281
2815.5 0.911335
2818.14 0.911299
2820.77 0.911678
2823.41 0.911642
2826.05 0.911696
2828.69 0.911281
2831.75 0.911326
2834.78 0.911353
2837.65 0.911624
2840.48 0.91138
2843.3 0.911596
2846.12 0.911263
2848.89 0.91129
2851.54 0.911669
2854.19 0.911209
2856.83 0.911308
2859.48 0.911615
2862.15 0.911633
2864.8 0.911642
2867.45 0.911344
2870.1 0.911642
2872.75 0.911326
2875.4 0.911308
2878.05 0.911317
2880.7 0.911651
2883.36 0.911678
2886.01 0.911578
2888.65 0.91129
2891.28 0.911299
2893.92 0.911651
2896.58 0.911335
2899.21 0.911308
2902.15 0.911371
2905.09 0.911317
2908.03 0.911317
2910.99 0.911678
2913.92 0.911669
2916.86 0.911605
2919.79 0.911344
2922.72 0.911696
2925.66 0.911669
2928.42 0.911615
2931.05 0.911344
2933.68 0.911633
2936.33 0.91166
 0.911335
