time accuracy
111.208 0.858856
199.934 0.894392
291.396 0.911804
390.313 0.919554
478.322 0.92355
581.554 0.92604
690.799 0.927285
804.289 0.928656
912.595 0.929523
1016.22 0.930091
1123.54 0.930542
1230.08 0.930993
1328.46 0.93121
1422.79 0.93157
1574.15 0.931778
1674.71 0.932094
1781.7 0.932166
1886.8 0.932166
1970.07 0.93231
2036.38 0.932446
2141.71 0.932608
2251.14 0.932563
2362.22 0.932599
2462.48 0.932581
2551.49 0.932725
2659.57 0.932707
2760.7 0.932707
2869.73 0.932825
2975.45 0.932915
3094.31 0.932888
3203.07 0.932915
3280.26 0.933014
3365.47 0.932951
3470.32 0.932969
3579.93 0.932942
3701.74 0.932951
3860.83 0.93296
4026.39 0.932897
4199.12 0.93296
4372.54 0.932815
4544.96 0.932834
4718.02 0.932897
4890.99 0.932861
5063.4 0.932834
5235.8 0.932734
5403.66 0.932707
5568.57 0.932707
5727.94 0.932644
5888.6 0.932644
6052.23 0.932635
6214.59 0.932644
6377.79 0.932662
6540.83 0.932698
6707.28 0.932698
6874.01 0.932725
7032.95 0.932671
7198.27 0.932689
7361 0.932653
7520.28 0.932671
7673.99 0.932626
7827.37 0.932626
7980.7 0.932653
8134.81 0.932581
8288.15 0.932563
8441.12 0.932527
8594.22 0.9325
8749.93 0.9325
8917.9 0.932536
9086.06 0.932509
9253.31 0.932419
9422.42 0.93241
9590.47 0.932355
9757.58 0.932337
9926.02 0.932319
10094.7 0.932337
10262.7 0.932265
10430.7 0.932274
10599.1 0.932283
10766.7 0.932265
10934.6 0.932265
11103.3 0.932193
11258 0.932202
11410.6 0.932175
11564.2 0.932139
11716.8 0.932175
11869.7 0.932175
12023.7 0.932166
12177.2 0.932112
12329.7 0.93204
12481.6 0.932031
12635.9 0.932067
12784.5 0.932049
12931.9 0.932049
13070 0.931949
13204.7 0.931976
13345.7 0.931949
13460.1 0.931922
13563.2 0.931913
13675.9 0.931904
13795.9 0.931904
13924.8 0.931922
14052.5 0.931922
14198.8 0.931895
14334.9 0.931805
14435.4 0.931805
14535.9 0.931778
14658.7 0.931769
14789 0.931796
14926.3 0.931796
15061.9 0.931742
15198.4 0.931769
15333.9 0.931769
15476.8 0.931778
15619.5 0.931769
15760.1 0.931751
15908.6 0.931742
16057.8 0.931715
16207.6 0.931688
16341.8 0.931697
16473.9 0.931688
16606.1 0.93167
16738 0.93167
16869.9 0.931661
17001.8 0.931661
17133.5 0.931643
17265.5 0.931634
17351.8 0.931345
17487.3 0.931345
17622.5 0.931327
17757.3 0.931318
17892.9 0.9313
18027.7 0.931246
18161.3 0.931246
18324.5 0.931237
18496.9 0.931246
18671.3 0.931201
18845.2 0.931192
19017.6 0.931201
19189.1 0.931228
19360.6 0.93121
19531.2 0.931192
19704.2 0.931201
19874.6 0.93121
20047.7 0.931201
20214.1 0.931201
20362.6 0.93121
20511.6 0.93121
20660 0.931201
20808.3 0.931192
20957.5 0.931219
21108.9 0.93121
21261.6 0.931219
21394.8 0.93121
21539.8 0.931192
21655.7 0.931192
21766.3 0.931183
21887.1 0.931183
21997.8 0.931201
22131.4 0.931155
22283.7 0.931137
22376.6 0.931119
22479.6 0.931119
22619.9 0.931101
22761.6 0.931083
22936 0.93111
23103.7 0.93111
23274.4 0.931101
23420.9 0.931092
23557.6 0.931092
23709.1 0.931101
23850 0.931137
23980.9 0.93111
24105.9 0.931092
24219.4 0.931056
24334.7 0.931056
24458.1 0.931047
24572.9 0.931074
24688.4 0.931074
24800.2 0.931047
24909.8 0.931038
25017.9 0.931038
25130.9 0.931074
25241.2 0.931065
25347.6 0.931047
25464 0.931056
25591 0.931056
25688.7 0.931029
25789.3 0.931038
25885 0.93102
25990.1 0.931029
26113.8 0.931047
26223.6 0.931056
26322.9 0.931038
26444.5 0.931029
26556 0.931047
26707.9 0.931056
26866.2 0.931038
27024.6 0.931011
27184.7 0.931011
27318.5 0.930993
27464.2 0.930984
27610.9 0.930984
27757.4 0.930984
27903.6 0.930993
28051 0.930984
28197 0.930975
28339.2 0.930957
28481 0.930966
28625.6 0.930966
28768.3 0.930966
28907.3 0.930957
29050.6 0.930957
29193.7 0.930957
29334.8 0.930957
29474.6 0.930948
29612.6 0.93093
29761.4 0.930921
29912.5 0.930921
30062.2 0.930894
30222.5 0.930894
30363.8 0.930903
30496.4 0.930894
30619.9 0.930894
30747.1 0.930894
30868.9 0.930876
30981.7 0.930858
31123.9 0.930858
31266 0.930849
31407.1 0.93084
31565.6 0.930822
31724.7 0.930822
31897.6 0.930822
32047.1 0.930822
32160.6 0.930822
32310.1 0.930822
32478.8 0.930822
32606.5 0.930804
32713.8 0.930804
32858.9 0.930804
33004.3 0.930804
33109.4 0.930804
33228.5 0.930795
33340.7 0.930795
33478.3 0.930795
33627.3 0.930795
33790.2 0.930804
33937.1 0.930804
34073.7 0.930804
34199.2 0.930804
34355.4 0.930795
34527.9 0.930804
34694.4 0.930804
34857 0.930804
35024.7 0.930804
35195.3 0.930804
35356.6 0.930804
35498 0.930804
35648.5 0.930795
35795.4 0.930795
35907.8 0.930795
36022.3 0.930795
36113.5 0.930795
36218.3 0.930786
36339.8 0.930786
36482.3 0.930777
36627.3 0.930768
36787.4 0.930768
36941.2 0.930759
37089.2 0.930768
37213.1 0.930768
37288.2 0.930768
37398.9 0.930768
37551.3 0.930768
37688.5 0.930759
37827.6 0.930759
37974.7 0.930759
38106.7 0.930759
38267.5 0.930759
38419.6 0.930759
38586.1 0.930768
38716.5 0.930768
38859.2 0.930768
38979.2 0.930768
39092.4 0.930768
39216.3 0.930768
39328.3 0.930759
39470.9 0.930741
39598.4 0.930759
39749.1 0.93075
39897.5 0.93075
40047.2 0.93075
40148.3 0.93075
40301.3 0.93075
40508.3 0.93075
40713.9 0.930759
40894.7 0.930759
41098.8 0.930759
41305.4 0.930759
41511.3 0.930759
41683.6 0.930759
41838.6 0.93075
41991.1 0.930759
42141.4 0.930759
42296.2 0.930759
42449.7 0.930759
42603.2 0.930759
42757.5 0.930759
42900.8 0.930759
43054.8 0.930759
43209.5 0.930759
43362.6 0.930759
43515.9 0.93075
43668 0.93075
43817 0.93075
43970.7 0.930731
44122.5 0.930731
44273.8 0.930722
44426.7 0.930722
44580.3 0.930713
44729.9 0.930713
44874 0.930713
45045 0.930713
45216.3 0.930713
45387.9 0.930713
45559 0.930713
45719.4 0.930713
45890.9 0.930722
46060.8 0.930722
46231.8 0.930722
46401.9 0.930722
46557.9 0.930722
46718 0.930722
46856.3 0.930722
46987.3 0.930722
47133.8 0.930713
47280.5 0.930713
47427.6 0.930713
47574.6 0.930704
47719.2 0.930704
47867.6 0.930695
48021.6 0.930695
48171 0.930704
48318.3 0.930677
48465.8 0.930695
48611 0.930686
48758.7 0.930686
48906.5 0.930677
49058.4 0.930668
49209.4 0.930695
49356.9 0.930686
49502.3 0.930677
49650.7 0.930677
49800 0.930668
49947.1 0.930668
50095.8 0.930668
50250.3 0.930668
50394.8 0.930677
50543.3 0.930677
50692.5 0.930677
50838.8 0.930677
50986.9 0.930677
51134.4 0.930677
51284.9 0.930677
51435.6 0.930677
51583.6 0.930695
51730.1 0.930695
51878.1 0.930695
52044.4 0.930677
52223 0.930677
52394.9 0.930677
52551.5 0.930677
52706.7 0.930677
52861.2 0.930686
53031.7 0.930686
53186.3 0.930686
53349.4 0.930686
53507.7 0.930686
53658.9 0.930686
53813.6 0.930695
53985.2 0.930695
54139.9 0.930686
54294.6 0.930686
54458.8 0.930686
54621.8 0.930686
54776.8 0.930686
54931.5 0.930686
55079.7 0.930686
55241.3 0.930695
55403.5 0.930695
55565.6 0.930695
55723.1 0.930695
55877.1 0.930695
56032.1 0.930695
56186.9 0.930695
56341.8 0.930695
56504.1 0.930695
56664 0.930695
56825.5 0.930695
56989.8 0.930695
57165.2 0.930695
57314 0.930695
57452.5 0.930695
57598.6 0.930695
57737.7 0.930695
57877.8 0.930695
58016.4 0.930695
58172.2 0.930695
58304.3 0.930695
58437.3 0.930695
58572.2 0.930695
58749.3 0.930695
58928.6 0.930695
59104.5 0.930695
59283.2 0.930695
59454.6 0.930695
59634.1 0.930695
59806.2 0.930695
59990.1 0.930695
60187 0.930695
60385.3 0.930695
60585.6 0.930695
60749.4 0.930695
60924.7 0.930695
61111.7 0.930686
61281.7 0.930686
61451.2 0.930686
61629.5 0.930686
61826.1 0.930686
62035.6 0.930686
62236.4 0.930686
62428.5 0.930686
62634.4 0.930686
62836.9 0.930677
63037.3 0.930668
63229.2 0.930668
63404 0.930668
63590.3 0.930668
63777.7 0.930668
63955 0.930668
64133 0.930668
64313.3 0.930668
64501.2 0.930668
64678.3 0.930668
64849.8 0.930668
65025.3 0.930668
65213.4 0.930668
65385.4 0.930668
65556.1 0.930668
65739.3 0.930677
65920.8 0.930668
66099.7 0.930668
66270.4 0.930668
66442.8 0.930668
66619.5 0.930668
66787.1 0.930668
66969.6 0.930668
67149.6 0.93065
67325.1 0.930605
67506.2 0.93065
67673.9 0.93065
67855.2 0.930605
68028.5 0.930605
68209 0.930605
68386.4 0.930605
68563.8 0.930605
68734.8 0.930605
68917.6 0.930605
69084.1 0.930605
69256.3 0.930605
69437 0.930605
69621.5 0.930605
69803.5 0.930605
69980.9 0.930605
70155.3 0.930605
70327.3 0.930596
70495.4 0.930596
70669.8 0.930596
70865.8 0.930596
71064.4 0.930596
71264.1 0.930596
71465 0.930596
71668.3 0.930587
71849.5 0.930587
72054.7 0.930569
72259.1 0.930569
72458.5 0.930569
72657.5 0.930569
72852.7 0.930569
73051.4 0.930569
73242.1 0.93056
73431.5 0.93056
73621.1 0.93056
73813.1 0.93056
73985.2 0.93056
74171.9 0.93056
74354.5 0.930569
74542.4 0.930569
74714.8 0.93056
74898.6 0.930569
75074.7 0.930569
75265.6 0.930569
75446.4 0.930569
75629.8 0.930569
75812.2 0.930569
75990.5 0.930569
76172.4 0.930569
76350.8 0.930596
76532.8 0.930569
76709.7 0.930569
76881.6 0.930569
77066 0.930596
77241.4 0.930587
77414.6 0.930578
77598.9 0.930578
77785.5 0.930578
77972.8 0.930578
78159.1 0.930578
78330.9 0.930578
78511.7 0.930578
78699.6 0.930578
78889.8 0.930578
79069.3 0.930569
79248.6 0.930569
79427 0.930569
79610 0.930569
79794.5 0.930569
79976.7 0.930569
80163.1 0.930569
80348.9 0.930569
80525.2 0.930569
80708 0.93056
80890.5 0.93056
81081.2 0.93056
81261.4 0.93056
81444 0.93056
81627.6 0.93056
81812.9 0.93056
81992.7 0.93056
82171.8 0.93056
82357.7 0.93056
82544 0.93056
82730.6 0.93056
82906.9 0.93056
83102.1 0.93056
83270.3 0.930551
83430.5 0.930551
83613.6 0.930551
83796.5 0.930551
83975.5 0.930551
84154.2 0.930551
84337.5 0.930551
84520.2 0.930551
84704.1 0.930551
84890.7 0.93056
85076.6 0.930542
85269.3 0.930542
85439.6 0.930542
85623.7 0.930542
85793.4 0.930542
85970.1 0.930542
86145.4 0.930542
86322.3 0.930542
86490.8 0.930524
86676.6 0.930524
86859.1 0.930524
87037.6 0.930524
87228 0.930524
87391.2 0.930569
87570.9 0.930569
87741.8 0.930569
87926.8 0.930569
88099.2 0.930569
88280.2 0.930569
88452.2 0.930569
88637.8 0.930569
88802.8 0.930569
88963.3 0.930569
89134.5 0.930569
89318.6 0.930569
89501.8 0.930587
89689.3 0.930587
89864.2 0.930587
90045.7 0.930587
90206.3 0.930587
90383 0.930587
90561.5 0.930587
90741.5 0.930587
90917.9 0.930587
91087.9 0.930587
91248.7 0.930587
91425.2 0.930587
91596.8 0.930587
91774.2 0.930587
91948.7 0.930587
92125.9 0.930587
92287 0.930587
92464.8 0.930587
92635 0.930587
92818.7 0.930587
92990.8 0.930587
93173.9 0.930587
93343.8 0.930587
93519 0.930587
93691.6 0.930587
93868.8 0.930587
94036.6 0.930587
94217.9 0.930587
94389.1 0.930587
94562.4 0.930605
94733.1 0.930596
94908 0.930596
95084.2 0.930596
95267.2 0.930596
95434.5 0.930596
95603.9 0.930596
95766.8 0.930596
95931.5 0.930596
96103.3 0.930596
96289.1 0.930596
96470.5 0.930596
96648.4 0.930596
96815 0.930596
96984.5 0.930596
97160.8 0.930596
97336.5 0.930596
97510.2 0.930596
97689.4 0.930578
97858.7 0.930578
98026.1 0.930578
98205.7 0.930578
98388.2 0.930578
98549.5 0.930578
98711.3 0.930578
98880 0.930578
99053.5 0.930578
99234.6 0.930578
99405.7 0.930569
99579.6 0.93056
99747.6 0.93056
99928.5 0.93056
100101 0.93056
100271 0.93056
100451 0.93056
100624 0.93056
100786 0.93056
100952 0.93056
101122 0.93056
101301 0.93056
101482 0.930551
101650 0.930551
101823 0.930551
102002 0.930551
102173 0.930551
102344 0.930551
102521 0.930551
102690 0.930551
102858 0.930551
103033 0.930551
103215 0.930551
103385 0.930569
103556 0.930569
103716 0.930569
103878 0.930569
104046 0.930569
104215 0.930569
104396 0.930569
104577 0.930569
104738 0.930569
104907 0.930569
105078 0.930569
105252 0.930569
105423 0.930569
105584 0.930569
105764 0.930551
105947 0.930551
106124 0.930551
106288 0.930551
106449 0.930551
106617 0.930551
106800 0.930551
106971 0.930551
107145 0.930533
107324 0.930533
107490 0.930533
107663 0.930533
107832 0.930533
108018 0.930533
108191 0.930524
108370 0.930524
108551 0.930515
108709 0.930515
108868 0.930524
109038 0.930524
109212 0.930524
109395 0.930524
109565 0.930524
109731 0.930524
109893 0.930524
110064 0.930524
110248 0.930524
110415 0.930524
110582 0.930524
110751 0.930524
110920 0.930524
111092 0.930524
111271 0.930524
111446 0.930524
111625 0.930524
111797 0.930524
111959 0.930524
112129 0.930524
112295 0.930524
112467 0.930524
112648 0.930524
112824 0.930524
112999 0.930515
113160 0.930515
113334 0.930515
113508 0.930515
113677 0.930515
113855 0.930515
114027 0.930515
114191 0.930515
114365 0.930515
114541 0.930515
114719 0.930515
114894 0.930515
115075 0.930515
115240 0.930515
115406 0.930515
115579 0.930515
115747 0.930515
115925 0.930515
116092 0.930515
116269 0.930515
116436 0.930515
116609 0.930515
116783 0.930515
116950 0.930515
117119 0.930515
117300 0.930515
117467 0.930515
117640 0.930515
117800 0.930515
117963 0.930515
118154 0.930515
118324 0.930515
118494 0.930515
118662 0.930515
118842 0.930515
119014 0.930515
119176 0.930515
119333 0.930515
119504 0.930515
119691 0.930506
119871 0.930506
120048 0.930506
120223 0.930506
120411 0.930506
120591 0.930506
120785 0.930506
120971 0.930506
121166 0.930506
121357 0.930506
121532 0.930506
121715 0.930506
121900 0.930506
122089 0.930506
122275 0.930506
122455 0.930506
122627 0.930506
122810 0.930506
122982 0.930515
123160 0.930497
123333 0.930497
123505 0.930497
123695 0.930497
123883 0.930497
124062 0.930497
124248 0.930497
124417 0.930497
124594 0.930497
124762 0.930497
124944 0.930497
125129 0.930488
125312 0.930488
125487 0.930488
125665 0.930488
125850 0.930488
126029 0.930488
126209 0.930488
126399 0.930488
126585 0.930488
126767 0.930488
126945 0.930488
127123 0.930488
127297 0.930488
127470 0.930488
127656 0.930488
127834 0.930488
128007 0.930488
128183 0.930479
128343 0.930479
128519 0.930488
128707 0.930488
128898 0.930488
129087 0.930488
129262 0.930488
129445 0.930488
129619 0.930488
129794 0.930488
129973 0.930506
130152 0.930506
130325 0.930506
130508 0.930497
130682 0.930497
130858 0.930497
131029 0.930497
131200 0.930497
131374 0.930497
131540 0.930497
131716 0.930497
131905 0.930497
132090 0.930497
132266 0.930497
132436 0.930497
132613 0.930479
132800 0.930479
132986 0.930479
133166 0.930479
133345 0.930479
133519 0.930479
133693 0.930479
133867 0.930479
134040 0.930479
134222 0.930479
134410 0.930479
134586 0.930479
134767 0.930479
134948 0.930479
135123 0.930479
135303 0.930479
135478 0.930479
135655 0.930479
135838 0.930479
136018 0.930479
136195 0.930479
136374 0.930479
136551 0.930479
136734 0.930479
136896 0.930479
137078 0.930479
137260 0.930479
137432 0.930479
137613 0.930479
137792 0.930479
137966 0.930479
138157 0.930479
138336 0.930479
138517 0.930479
138692 0.930479
138859 0.930479
139032 0.930479
139200 0.930479
139386 0.930479
139572 0.930479
139749 0.930479
139928 0.930479
140102 0.930479
140285 0.930479
140453 0.930479
140634 0.930479
140807 0.930479
140982 0.930479
141168 0.930479
141347 0.930479
141520 0.930479
141696 0.930479
141878 0.930479
142061 0.930479
142237 0.930479
142411 0.930479
142588 0.93047
142765 0.93047
142935 0.93047
143111 0.93047
143295 0.930479
143473 0.930479
143650 0.930479
143822 0.930479
143998 0.930479
144172 0.930461
144351 0.930461
144536 0.930461
144716 0.930443
144899 0.930443
145079 0.930443
145261 0.930443
145442 0.930443
145624 0.930443
145796 0.930443
145975 0.930443
146144 0.930443
146328 0.930443
146513 0.930443
146690 0.930443
146887 0.930443
147085 0.930443
147274 0.930443
147466 0.930443
147660 0.930443
147837 0.930443
148020 0.930443
148211 0.930434
148404 0.930434
148599 0.930434
148788 0.930434
148973 0.930434
149160 0.930434
149344 0.930434
149541 0.930434
149738 0.930434
149932 0.930434
150120 0.930434
150311 0.930434
150506 0.930434
150694 0.930434
150891 0.930434
151067 0.930434
151258 0.930434
151456 0.930434
151662 0.930434
151861 0.930434
152051 0.930434
152238 0.930434
152421 0.930434
152618 0.930434
152812 0.930425
153005 0.930425
153195 0.930425
153397 0.930425
153595 0.930425
153783 0.930425
153973 0.930425
154165 0.930425
154360 0.930425
154560 0.930425
154765 0.930425
154968 0.930425
155160 0.930425
155352 0.930425
155543 0.930425
155727 0.930425
155919 0.930425
156118 0.930425
156309 0.930425
156502 0.930425
156701 0.930425
156904 0.930425
157091 0.930416
157285 0.930416
157480 0.930416
157670 0.930416
157873 0.930416
158078 0.930416
158276 0.930416
158474 0.930416
158664 0.930425
158843 0.930425
159017 0.930425
159199 0.930425
159388 0.930425
159563 0.930425
159751 0.930425
159928 0.930425
160102 0.930425
160284 0.930425
160467 0.930434
160644 0.930434
160817 0.930434
160994 0.930434
161177 0.930434
161361 0.930434
161537 0.930425
161731 0.930434
161907 0.930425
162089 0.930434
162279 0.930434
162465 0.930434
162641 0.930434
162820 0.930434
163005 0.930434
163187 0.930434
163374 0.930434
163553 0.930434
163741 0.930434
163917 0.930434
164105 0.930434
164287 0.930434
164458 0.930434
164642 0.930434
164822 0.930434
165002 0.930425
165180 0.930425
165362 0.930425
165546 0.930425
165721 0.930425
165898 0.930425
166077 0.930425
166256 0.930425
166439 0.930425
166624 0.930425
166815 0.930425
166986 0.930425
167176 0.930425
167363 0.930425
167540 0.930425
167716 0.930425
167895 0.930425
168082 0.930425
168247 0.930416
168427 0.930416
168584 0.930416
168736 0.930416
168888 0.930416
169047 0.930416
169196 0.930416
169340 0.930416
169495 0.930416
169653 0.930416
169811 0.930416
169966 0.930416
170122 0.930416
170272 0.930416
170425 0.930416
170585 0.930416
170746 0.930416
170899 0.930416
171056 0.930416
171216 0.930416
171377 0.930416
171538 0.930416
171699 0.930416
171857 0.930416
172011 0.930416
172172 0.930416
172326 0.930416
172478 0.930416
172628 0.930416
172796 0.930416
172947 0.930416
173108 0.930416
173267 0.930416
173430 0.930416
173591 0.930416
173749 0.930416
173911 0.930416
174065 0.930416
174229 0.930416
174389 0.930416
174544 0.930416
174704 0.930416
174861 0.930416
175023 0.930416
175181 0.930416
175343 0.930407
175502 0.930407
175657 0.930407
175818 0.930407
175976 0.930407
176112 0.930407
176273 0.930407
176425 0.930407
176578 0.930407
176729 0.930407
176886 0.930407
177046 0.930407
177193 0.930407
177351 0.930407
177511 0.930407
177669 0.930407
177825 0.930407
177981 0.930407
178140 0.930407
178302 0.930407
178453 0.930407
178612 0.930407
178762 0.930407
178907 0.930407
179067 0.930407
179222 0.930407
179375 0.930407
179528 0.930407
179689 0.930407
179844 0.930407
179991 0.930407
180144 0.930407
180298 0.930407
180447 0.930407
180599 0.930407
180751 0.930407
180910 0.930407
181068 0.930407
181224 0.930407
181378 0.930407
181528 0.930407
181679 0.930407
181832 0.930407
181985 0.930407
182138 0.930407
182302 0.930407
182455 0.930407
182609 0.930407
182767 0.930407
182919 0.930416
183072 0.930416
183232 0.930416
183385 0.930416
183545 0.930416
183714 0.930416
183881 0.930416
184046 0.930416
184197 0.930416
184349 0.930416
184501 0.930416
184667 0.930416
184789 0.930416
184876 0.930416
184947 0.930416
185024 0.930416
185161 0.930416
185345 0.930416
185526 0.930416
185706 0.930416
185889 0.930416
186075 0.930416
186253 0.930416
186439 0.930416
186626 0.930416
186808 0.930416
186998 0.930416
187182 0.930425
187366 0.930425
187548 0.930425
187730 0.930425
187916 0.930425
188095 0.930425
188278 0.930425
188461 0.930425
188641 0.930425
188821 0.930425
189002 0.930425
189179 0.930425
189363 0.930425
189543 0.930425
189728 0.930425
189912 0.930425
190097 0.930425
190276 0.930425
190465 0.930425
190638 0.930425
190815 0.930425
190999 0.930425
191185 0.930425
191371 0.930425
191552 0.930425
191731 0.930425
191910 0.930425
192093 0.930425
192274 0.930425
192459 0.930425
192643 0.930425
192831 0.930425
193011 0.930425
193196 0.930425
193384 0.930425
193559 0.930425
193746 0.930425
193929 0.930425
194095 0.930425
194245 0.930425
194400 0.930425
194567 0.930425
194740 0.930425
194911 0.930425
195078 0.930425
195241 0.930425
195405 0.930425
195568 0.930425
195733 0.930425
195895 0.930452
196059 0.930452
196222 0.930452
196381 0.930452
196539 0.930452
196697 0.930452
196856 0.930452
197014 0.930452
197176 0.930506
197339 0.930506
197502 0.930506
197665 0.930506
197836 0.930506
197993 0.930506
198174 0.930506
198359 0.930506
198519 0.930506
198682 0.930506
198838 0.930506
199001 0.930506
199163 0.930506
199319 0.930506
199482 0.930506
199645 0.930506
199803 0.930506
199964 0.930506
200128 0.930506
200292 0.930506
200462 0.930506
200633 0.930506
200805 0.930506
200973 0.930506
201147 0.930506
201304 0.930506
201462 0.930506
201615 0.930506
201768 0.930506
201920 0.930506
202074 0.930506
202226 0.930506
202378 0.930506
202538 0.930506
202690 0.930506
202842 0.930506
202994 0.930506
203154 0.930506
203326 0.930506
203495 0.930506
203683 0.930506
203872 0.930506
204036 0.930506
204194 0.930506
204383 0.930506
204557 0.930506
204720 0.930506
204857 0.930506
204995 0.930506
205159 0.930506
205320 0.930506
205487 0.930506
205652 0.930506
205820 0.930506
205999 0.930506
206163 0.930506
206324 0.930506
206489 0.930506
206655 0.930506
206816 0.930506
206966 0.930506
207134 0.930506
207303 0.930506
207461 0.930506
207595 0.930506
207719 0.930506
207850 0.930506
207980 0.930506
208083 0.930506
208195 0.930506
208319 0.930506
208459 0.930506
208592 0.930506
208728 0.930506
208860 0.930506
208973 0.930497
209097 0.930497
209229 0.930497
209360 0.930497
209461 0.930497
209576 0.930497
209688 0.930497
209794 0.930497
209903 0.930497
210043 0.930497
210154 0.930497
210255 0.930497
210324 0.930497
210436 0.930497
210583 0.930497
210714 0.930497
210813 0.930497
210909 0.930497
211007 0.930497
211117 0.930497
211204 0.930497
211291 0.930497
211405 0.930497
211527 0.930497
211659 0.930497
211795 0.930497
211919 0.930497
211983 0.930497
212090 0.930497
212186 0.930497
212290 0.930497
212410 0.930497
212521 0.930497
212609 0.930497
212723 0.930497
212820 0.930497
212901 0.930497
212971 0.930497
213042 0.930497
213146 0.930497
213270 0.930497
213348 0.930497
213451 0.930497
213539 0.930497
213642 0.930497
213720 0.930497
213826 0.930497
213933 0.930497
214040 0.930497
214157 0.930497
214274 0.930497
214392 0.930506
214498 0.930506
214601 0.930506
214695 0.930506
214791 0.930506
214866 0.930506
214931 0.930506
215011 0.930506
215100 0.930506
215208 0.930506
215339 0.930506
215463 0.930506
215574 0.930506
215692 0.930506
215799 0.930506
215929 0.930506
216019 0.930506
216129 0.930506
216238 0.930506
216317 0.930506
216397 0.930506
216457 0.930506
216529 0.930506
216594 0.930506
216659 0.930506
216732 0.930506
216816 0.930506
216932 0.930506
217042 0.930506
217128 0.930506
217213 0.930506
217342 0.930506
217428 0.930506
217501 0.930506
217608 0.930506
217700 0.930506
217855 0.930506
218020 0.930506
218127 0.930506
218232 0.930506
218349 0.930506
218454 0.930506
218579 0.930506
218698 0.930506
218832 0.930506
218969 0.930506
219117 0.930506
219276 0.930506
219355 0.930506
219477 0.930506
219612 0.930506
219746 0.930506
219898 0.930506
219997 0.930506
220127 0.930506
220264 0.930506
220376 0.930506
220497 0.930506
220628 0.930506
220767 0.930506
220928 0.930506
221075 0.930506
221185 0.930506
221337 0.930506
221501 0.930506
221658 0.930506
221805 0.930506
221957 0.930506
222105 0.930506
222254 0.930506
222404 0.930506
222575 0.930506
222729 0.930506
222864 0.930506
222990 0.930506
223147 0.930506
223293 0.930506
223428 0.930506
223548 0.930506
223677 0.930506
223830 0.930497
223974 0.930497
224118 0.930497
224264 0.930497
224390 0.930497
224512 0.930497
224670 0.930497
224802 0.930497
224947 0.930506
225097 0.930506
225257 0.930506
225338 0.930506
225446 0.930506
225564 0.930506
225660 0.930506
225765 0.930506
225863 0.930506
225971 0.930506
226051 0.930506
226153 0.930506
226252 0.930506
226369 0.930506
226462 0.930506
226560 0.930506
226663 0.93038
226744 0.93038
226847 0.93038
226953 0.93038
227064 0.93038
227145 0.93038
227268 0.93038
227398 0.93038
227516 0.93038
227625 0.93038
227722 0.93038
227819 0.93038
227926 0.93038
228028 0.93038
228135 0.93038
228240 0.93038
228343 0.93038
228446 0.93038
228541 0.93038
228638 0.93038
228711 0.93038
228836 0.93038
228932 0.93038
229007 0.93038
229087 0.93038
229162 0.930389
229237 0.930389
229314 0.930389
229414 0.930389
229499 0.930389
229579 0.930389
229690 0.930389
229782 0.930389
229851 0.930389
229903 0.930389
229980 0.930389
230053 0.930389
230125 0.930389
230193 0.930389
230261 0.930371
230322 0.930371
230385 0.930371
230455 0.930371
230547 0.930371
230653 0.930371
230755 0.930371
230876 0.930371
230995 0.930371
231067 0.930371
231135 0.930371
231216 0.930371
231354 0.930371
231422 0.930371
231510 0.930371
231619 0.930371
231758 0.930371
231888 0.930371
231986 0.930371
232053 0.930371
232121 0.930371
232186 0.930371
232260 0.930371
232374 0.930371
232458 0.930371
232541 0.930371
232639 0.930371
232746 0.930371
232860 0.930371
232962 0.930371
233060 0.930371
233164 0.930371
233260 0.930371
233355 0.930371
233460 0.930371
233538 0.930371
233615 0.930371
233688 0.930371
233757 0.930371
233827 0.930371
233899 0.930371
233982 0.93038
234057 0.93038
234125 0.93038
234192 0.93038
234316 0.93038
234418 0.93038
234500 0.93038
234583 0.93038
234658 0.93038
234781 0.93038
234897 0.93038
235014 0.93038
235125 0.93038
235228 0.93038
235322 0.93038
235423 0.93038
235498 0.93038
235577 0.93038
235648 0.93038
235718 0.93038
235788 0.93038
235867 0.93038
235970 0.93038
236078 0.93038
236178 0.93038
236284 0.93038
236377 0.93038
236480 0.930371
236588 0.930371
236703 0.930371
236805 0.930371
236910 0.930371
236974 0.930371
237042 0.930371
237136 0.930371
237244 0.930371
237325 0.930371
237388 0.930371
237477 0.930371
237585 0.930371
237690 0.930371
237787 0.930371
237893 0.930371
238001 0.930371
238098 0.930371
238191 0.930371
238290 0.930371
238377 0.930371
238481 0.930371
238571 0.930371
238656 0.930371
238735 0.930371
238826 0.930371
238925 0.930371
239022 0.930371
239106 0.930371
239184 0.930371
239275 0.930371
239389 0.930371
239483 0.930371
239580 0.930371
239662 0.930371
239726 0.930371
239797 0.930371
239864 0.930371
239943 0.930371
240011 0.930371
240075 0.930371
240141 0.930371
240209 0.930371
240278 0.930371
240371 0.930371
240418 0.930371
