bigram_factor:	4
-0.0566493 0.0281552 0.0285727 -7.86096e-05 
unigram_factor(y,factor_index,alpha):	2000
0 0 -0.00075264 
0 1 -0.210639 
0 2 -0.000895829 
0 3 0.147631 
0 4 -0.000593651 
0 5 0.308207 
0 6 0.417239 
0 7 -0.00515384 
0 8 0.342529 
0 9 0.215895 
0 10 -0.000484177 
0 11 -0.216268 
0 12 -0.0196497 
0 13 -0.03317 
0 14 -0.183553 
0 15 0.107858 
0 16 0.0840758 
0 17 0.10552 
0 18 -0.00263013 
0 19 0.128895 
0 20 0.130465 
0 21 0.126089 
0 22 0.12816 
0 23 -0.00383902 
0 24 0.20808 
0 25 0.213862 
0 26 -0.00148613 
0 27 0.215342 
0 28 -0.000935721 
0 29 -0.127797 
0 30 -0.00075264 
0 31 0.0515965 
0 32 -0.000383374 
0 33 -0.210959 
0 34 -0.000810487 
0 35 -0.238879 
0 36 -0.000810487 
0 37 0.0981926 
0 38 0.0056417 
0 39 -0.194396 
0 40 -0.000441221 
0 41 0.465838 
0 42 -0.000441221 
0 43 0.0512333 
0 44 0.0495318 
0 45 -0.0430297 
0 46 0.0823211 
0 47 0.438001 
0 48 -0.118852 
0 49 -0.0638254 
0 50 -0.000602834 
0 51 0.0553392 
0 52 0.0588276 
0 53 0.0553392 
0 54 -0.00126848 
0 55 0.477174 
0 56 0.00835393 
0 57 -0.000686526 
0 58 0.122811 
0 59 0.12676 
0 60 -0.00287792 
0 61 0.230543 
0 62 -0.111602 
0 63 -0.00103122 
0 64 0.0557896 
0 65 0.111804 
0 66 -0.00100778 
0 67 -0.209134 
0 68 -0.00137704 
0 69 -0.213683 
0 70 -0.00137704 
0 71 0.215712 
0 72 -0.00100778 
0 73 -0.1571 
0 74 -0.00100778 
0 75 0.220149 
0 76 -0.306889 
0 77 -0.000598112 
0 78 0.00580468 
0 79 -0.000305644 
0 80 -0.208347 
0 81 -0.00287024 
0 82 -0.0482413 
0 83 -0.178123 
0 84 0.0803861 
0 85 -0.000407318 
0 86 0.178313 
0 87 -0.00863818 
0 88 -0.100569 
0 89 0.0763651 
0 90 -0.000544987 
0 91 -0.353558 
0 92 -0.000383374 
0 93 -0.209797 
0 94 -0.00075264 
0 95 0.214792 
0 96 -0.0701507 
0 97 -0.00174025 
0 98 -0.206541 
0 99 -0.00190186 
0 100 0.207184 
0 101 -0.00210952 
0 102 0.211983 
0 103 -0.0489627 
0 104 -0.00182079 
0 105 -0.197728 
0 106 -0.00229953 
0 107 0.188724 
0 108 0.344902 
0 109 0.189045 
0 110 -0.000383374 
0 111 0.210627 
0 112 -0.000383374 
0 113 0.0951167 
0 114 -0.000383374 
0 115 -0.201942 
0 116 -0.000383374 
0 117 -0.871382 
0 118 -0.00656211 
0 119 -0.202635 
0 120 -0.000354193 
0 121 0.153096 
0 122 -0.0608439 
0 123 -0.00336108 
0 124 0.217466 
0 125 -0.00313096 
0 126 -0.175549 
0 127 0.0371179 
0 128 0.0344572 
0 129 -0.000643721 
0 130 -0.1749 
0 131 -0.000643721 
0 132 -0.196437 
0 133 -0.20908 
0 134 -0.00121463 
0 135 -0.206054 
0 136 -0.00171475 
0 137 0.197758 
0 138 -0.00171475 
0 139 -0.112858 
0 140 -0.00171475 
0 141 -0.208099 
0 142 -0.00134549 
0 143 -0.208712 
0 144 -0.0281037 
0 145 -0.185864 
0 146 -0.0241148 
0 147 -0.033679 
0 148 -0.176265 
0 149 -0.0472688 
0 150 -0.00130256 
0 151 -0.437835 
0 152 -0.00183971 
0 153 -0.101727 
0 154 0.21805 
0 155 -0.000543998 
0 156 -0.535951 
0 157 0.0428429 
0 158 0.0404795 
0 159 -0.00172462 
0 160 -0.100718 
0 161 -0.000581906 
0 162 0.506216 
0 163 0.555102 
0 164 -0.34767 
0 165 -0.0872029 
0 166 -0.0129009 
0 167 -0.40328 
0 168 0.211647 
0 169 -0.00104058 
0 170 0.0442945 
0 171 0.0515072 
0 172 0.0467291 
0 173 -0.000472432 
0 174 -0.0506728 
0 175 -0.12708 
0 176 -0.0380675 
0 177 -0.0783972 
0 178 -0.116211 
0 179 -0.30274 
0 180 -0.00244336 
0 181 0.174943 
0 182 -0.00244336 
0 183 -0.218476 
0 184 -0.0019338 
0 185 -0.209942 
0 186 -0.00817525 
0 187 -0.0715439 
0 188 0.22123 
0 189 -0.006625 
0 190 -0.0622853 
0 191 -0.221448 
0 192 -0.0719045 
0 193 -0.000865434 
0 194 0.0590719 
0 195 -0.000643721 
0 196 0.203097 
0 197 -0.107202 
0 198 -0.00102393 
0 199 -0.123932 
0 200 -0.000927107 
0 201 -0.077789 
0 202 -0.185391 
0 203 -0.0658561 
0 204 -0.00106184 
0 205 0.47307 
0 206 -0.0152886 
0 207 -0.122666 
0 208 -0.00122187 
0 209 -0.131948 
0 210 -0.00122187 
0 211 -0.176751 
0 212 -0.00122187 
0 213 0.0162502 
0 214 -0.983998 
0 215 -0.000472432 
0 216 -0.214212 
0 217 -0.000841698 
0 218 0.198021 
0 219 -0.000472432 
0 220 -0.104347 
0 221 -0.122271 
0 222 -0.19802 
0 223 -0.000472432 
0 224 0.00439456 
0 225 -0.0994792 
0 226 -0.000564836 
0 227 0.215538 
0 228 -0.0258444 
0 229 -0.0897242 
0 230 -0.00186546 
0 231 0.474666 
0 232 -0.00936845 
0 233 -0.0690582 
0 234 -0.0129376 
0 235 0.0607797 
0 236 0.0625441 
0 237 -0.00247956 
0 238 -0.0534298 
0 239 0.161695 
0 240 -0.000746867 
0 241 -0.213725 
0 242 -0.000704482 
0 243 0.00860339 
0 244 -0.000704482 
0 245 -0.210367 
0 246 -0.00020436 
0 247 -0.0996148 
0 248 -0.000335216 
0 249 -0.737594 
0 250 -0.000137271 
0 251 0.289392 
0 252 0.207559 
0 253 -0.105174 
0 254 -0.0251204 
0 255 0.202537 
0 256 -0.000137271 
0 257 -0.170026 
0 258 -0.000335216 
0 259 -0.14302 
0 260 0.122876 
0 261 -0.031201 
0 262 -0.000335216 
0 263 -0.12541 
0 264 -0.000335216 
0 265 0.533216 
0 266 -0.0313877 
0 267 0.21366 
0 268 -0.000335216 
0 269 -0.209207 
0 270 -0.000335216 
0 271 0.190455 
0 272 -0.0113011 
0 273 0.0847294 
0 274 -0.176731 
0 275 0.447328 
0 276 -0.00980623 
0 277 -0.202805 
0 278 -0.0205113 
0 279 0.103989 
0 280 -0.00091476 
0 281 0.232136 
0 282 -0.00091476 
0 283 -0.21778 
0 284 0.296254 
0 285 0.186981 
0 286 -0.514145 
0 287 -0.034069 
0 288 -0.0016291 
0 289 -0.177033 
0 290 -0.00219631 
0 291 -0.219123 
0 292 -0.00091476 
0 293 0.20088 
0 294 -0.000545493 
0 295 0.207173 
0 296 -0.109289 
0 297 -0.16561 
0 298 -0.000185429 
0 299 -0.210769 
0 300 -0.000463644 
0 301 -0.0444536 
0 302 -0.196617 
0 303 -0.0156607 
0 304 -0.198638 
0 305 -0.0369714 
0 306 -0.0248605 
0 307 0.129584 
0 308 -0.00114078 
0 309 -0.0977441 
0 310 0.405568 
0 311 -0.0060036 
0 312 -0.0759401 
0 313 -0.138747 
0 314 -0.0761478 
0 315 -0.0347351 
0 316 0.0211092 
0 317 -0.000356229 
0 318 0.32232 
0 319 -0.000356229 
0 320 -0.140955 
0 321 -0.0104423 
0 322 -0.150858 
0 323 -0.31833 
0 324 -0.00208725 
0 325 -0.144737 
0 326 -0.00245652 
0 327 0.104926 
0 328 0.195993 
0 329 -0.000924379 
0 330 0.199189 
0 331 -0.0965677 
0 332 -0.00957141 
0 333 -0.182877 
0 334 0.0426695 
0 335 0.0443972 
0 336 0.20305 
0 337 -0.00128847 
0 338 -0.137175 
0 339 -0.00513107 
0 340 0.00367226 
0 341 -0.000137271 
0 342 -0.107584 
0 343 0.0118626 
0 344 -0.0577322 
0 345 -0.000725555 
0 346 0.145222 
0 347 -0.0203962 
0 348 -0.00142859 
0 349 -0.214745 
0 350 -0.00142859 
0 351 -0.198177 
0 352 -0.00153807 
0 353 0.216074 
0 354 0.215158 
0 355 -0.117303 
0 356 -0.00204199 
0 357 -0.212886 
0 358 -0.157786 
0 359 -0.00112233 
0 360 0.206234 
0 361 -0.195172 
0 362 -0.0166368 
0 363 0.030031 
0 364 -0.00110906 
0 365 0.0838301 
0 366 -0.00110906 
0 367 -0.0311034 
0 368 -0.401289 
0 369 -0.201865 
0 370 -0.00379183 
0 371 0.161794 
0 372 -0.0979151 
0 373 -0.000820462 
0 374 0.056284 
0 375 0.291262 
0 376 -0.00216988 
0 377 0.305735 
0 378 -0.00199228 
0 379 0.0742476 
0 380 -0.124324 
0 381 -0.00138936 
0 382 -0.209287 
0 383 -0.000335216 
0 384 0.0893577 
0 385 0.086207 
0 386 -0.0281846 
0 387 -0.00020436 
0 388 -0.219172 
0 389 -0.000637393 
0 390 0.420427 
0 391 -0.000704482 
0 392 0.214981 
0 393 -0.000704482 
0 394 0.191856 
0 395 -0.000542869 
0 396 -0.489109 
0 397 -0.000335216 
0 398 0.551224 
0 399 -0.000335216 
0 400 -0.215766 
0 401 -0.000704482 
0 402 -0.214349 
0 403 -0.000704482 
0 404 0.0291353 
0 405 0.0282907 
0 406 0.0276339 
0 407 -0.216725 
0 408 -0.00202326 
0 409 0.506192 
0 410 -0.00139952 
0 411 -0.109712 
0 412 -0.00201564 
0 413 0.514655 
0 414 -0.00174422 
0 415 -0.188665 
0 416 -0.982557 
0 417 0.0191915 
0 418 -0.00224434 
0 419 -0.210241 
0 420 -0.0017656 
0 421 -0.0594624 
0 422 -0.215421 
0 423 -0.00020436 
0 424 0.214794 
0 425 -0.00074239 
0 426 -0.785437 
0 427 -0.00074239 
0 428 -0.219893 
0 429 -0.00020436 
0 430 0.101018 
0 431 -0.0997248 
0 432 -0.00260337 
0 433 -0.216455 
0 434 -0.00297264 
0 435 -0.216129 
0 436 -0.124366 
0 437 -0.000335216 
0 438 0.203746 
0 439 -0.000373123 
0 440 -0.206806 
0 441 -0.000545493 
0 442 0.213781 
0 443 -0.000545493 
0 444 -0.12585 
0 445 -0.000436019 
0 446 0.0342091 
0 447 -0.365604 
0 448 -0.000911771 
0 449 -0.786271 
0 450 -0.000411649 
0 451 -0.171739 
0 452 -0.000949679 
0 453 0.205845 
0 454 -0.00494772 
0 455 -0.104577 
0 456 -0.0896581 
0 457 0.0781624 
0 458 -0.000741388 
0 459 0.178898 
0 460 -0.00130056 
0 461 0.116473 
0 462 0.149261 
0 463 0.00387955 
0 464 -0.105649 
0 465 -0.000704482 
0 466 0.0338634 
0 467 0.313107 
0 468 0.190922 
0 469 -0.000903366 
0 470 0.177569 
0 471 0.0398066 
0 472 0.0875685 
0 473 -0.00020436 
0 474 -0.632749 
0 475 -0.00074239 
0 476 0.26492 
0 477 -0.000137271 
0 478 -0.192425 
0 479 -0.000335216 
0 480 -0.88825 
0 481 0.095541 
0 482 -0.00134686 
0 483 0.1043 
0 484 -0.00178817 
0 485 0.213477 
0 486 -0.00113658 
0 487 0.394201 
0 488 -0.000928925 
0 489 0.50955 
0 490 -0.889804 
0 491 -0.0116912 
0 492 -0.145751 
0 493 -0.0291594 
0 494 -0.000569367 
0 495 0.0134445 
0 496 -0.0025593 
0 497 0.0387749 
0 498 0.150881 
0 499 0.599216 
0 500 -0.151342 
0 501 -0.00161659 
0 502 -0.210751 
0 503 -0.00161659 
0 504 0.507002 
0 505 -0.127562 
0 506 -0.0839206 
0 507 -0.0425012 
0 508 -0.298093 
0 509 -0.000335216 
0 510 0.0110986 
0 511 -0.000941273 
0 512 0.201117 
0 513 -0.00344695 
0 514 0.0283795 
0 515 -0.000652343 
0 516 -0.211672 
0 517 -0.00101257 
0 518 -0.112344 
0 519 -0.000903096 
0 520 -0.0600266 
0 521 0.182683 
0 522 -0.00131142 
0 523 0.204465 
0 524 -0.611222 
0 525 -0.000356229 
0 526 0.284423 
0 527 -0.000394137 
0 528 -0.221633 
0 529 -0.0693032 
0 530 -0.0304362 
0 531 -0.162593 
0 532 -0.148487 
0 533 -0.000356229 
0 534 -0.0662516 
0 535 -0.150017 
0 536 -0.109996 
0 537 -0.000591449 
0 538 -0.199949 
0 539 -0.000862536 
0 540 0.217588 
0 541 0.00506546 
0 542 0.0232658 
0 543 -0.000725496 
0 544 -0.213175 
0 545 -0.000356229 
0 546 -0.213814 
0 547 -0.000356229 
0 548 -0.113636 
0 549 -0.000128552 
0 550 -0.099508 
0 551 -0.0702419 
0 552 -0.0994656 
0 553 -0.112911 
0 554 -0.0995372 
0 555 -0.0277501 
0 556 0.237753 
0 557 -0.000356229 
0 558 0.126881 
0 559 -0.473474 
0 560 -0.011147 
0 561 -0.205437 
0 562 0.368693 
0 563 0.124374 
0 564 -0.00201967 
0 565 0.215291 
0 566 0.663846 
0 567 -0.117785 
0 568 -0.0990338 
0 569 -0.000928516 
0 570 0.105092 
0 571 0.107678 
0 572 -0.251043 
0 573 -0.0156078 
0 574 0.3202 
0 575 -0.0996421 
0 576 -0.0148252 
0 577 -0.0747488 
0 578 -0.0019901 
0 579 0.492673 
0 580 0.0515602 
0 581 -0.0974703 
0 582 -0.00214511 
0 583 0.0740379 
0 584 -0.0251781 
0 585 -0.000414076 
0 586 0.57199 
0 587 -0.000990596 
0 588 -0.213646 
0 589 -0.000575689 
0 590 -0.336513 
0 591 -0.000783343 
0 592 -0.213906 
0 593 -0.108827 
0 594 -0.0315797 
0 595 -0.176141 
0 596 -0.00201425 
0 597 0.220883 
0 598 0.221939 
0 599 -0.000414076 
0 600 0.412813 
0 601 0.857128 
0 602 0.00717232 
0 603 0.00979154 
0 604 0.00728179 
0 605 0.0704439 
0 606 -0.00127285 
0 607 0.328683 
0 608 -0.000515726 
0 609 -0.0880711 
0 610 0.286498 
0 611 -0.00217305 
0 612 -0.0138155 
0 613 0.509011 
0 614 -0.00128621 
0 615 0.207096 
0 616 -0.202503 
0 617 -0.00281459 
0 618 0.212689 
0 619 -0.0851947 
0 620 -0.000941515 
0 621 0.204131 
0 622 -0.000374304 
0 623 -0.162031 
0 624 -0.000572248 
0 625 -0.0447381 
0 626 0.270996 
0 627 -0.00183192 
0 628 -0.130773 
0 629 -0.315271 
0 630 -0.000941515 
0 631 0.200143 
0 632 -0.000572248 
0 633 0.0449776 
0 634 -0.000572248 
0 635 0.0545415 
0 636 -0.0549169 
0 637 -0.015552 
0 638 -0.212133 
0 639 -0.00231206 
0 640 0.0385464 
0 641 0.0369731 
0 642 -0.000374304 
0 643 -0.191544 
0 644 -0.00128621 
0 645 0.415446 
0 646 0.215615 
0 647 -0.00141696 
0 648 0.176529 
0 649 -0.308096 
0 650 0.182834 
0 651 -0.00178623 
0 652 -0.212715 
0 653 -0.00178623 
0 654 0.397334 
0 655 0.201798 
0 656 0.167839 
0 657 -0.092097 
0 658 -0.000879034 
0 659 0.209888 
0 660 -0.0482761 
0 661 -0.165673 
0 662 -0.05043 
0 663 -0.00612188 
0 664 -0.105559 
0 665 -0.00596889 
0 666 -0.497977 
0 667 -0.95019 
0 668 -0.000572248 
0 669 0.197294 
0 670 -0.000572248 
0 671 -0.114799 
0 672 -0.0940274 
0 673 -0.114591 
0 674 -0.000779902 
0 675 0.214502 
0 676 0.869298 
0 677 -0.200372 
0 678 -0.000572248 
0 679 -0.100911 
0 680 0.0554543 
0 681 0.250761 
0 682 0.107547 
0 683 -0.000704482 
0 684 -0.19229 
0 685 -0.00091476 
0 686 0.0165331 
0 687 0.0188895 
0 688 -0.815387 
0 689 0.0512065 
0 690 -0.82837 
0 691 0.0366743 
0 692 0.45378 
0 693 0.113152 
0 694 0.0833054 
0 695 -0.0424863 
0 696 0.174566 
0 697 -0.000335216 
0 698 -0.205812 
0 699 -0.000894391 
0 700 -0.123533 
0 701 -0.000894391 
0 702 0.185575 
0 703 -0.000335216 
0 704 0.216819 
0 705 -0.000335216 
0 706 0.169067 
0 707 -0.000335216 
0 708 0.0390647 
0 709 -0.000137271 
0 710 0.21408 
0 711 0.528121 
0 712 -0.00161857 
0 713 -0.251163 
0 714 -0.0023086 
0 715 0.478676 
0 716 -0.00643367 
0 717 -0.198993 
0 718 -0.00612824 
0 719 -0.0283629 
0 720 -0.197892 
0 721 -0.000335216 
0 722 0.0815597 
0 723 0.0883717 
0 724 0.0816605 
0 725 -0.00436065 
0 726 0.00844662 
0 727 0.192241 
0 728 0.787148 
0 729 -0.0021563 
0 730 -0.236874 
0 731 0.0486225 
0 732 -0.000946642 
0 733 0.435759 
0 734 -0.000908734 
0 735 0.0964499 
0 736 0.216622 
0 737 -0.00115484 
0 738 0.0615699 
0 739 -0.00115484 
0 740 -0.0973362 
0 741 0.0898757 
0 742 -0.0530499 
0 743 -0.00464458 
0 744 0.210261 
0 745 -0.00115484 
0 746 -0.123102 
0 747 -0.000654714 
0 748 -0.346 
0 749 -0.581289 
0 750 0.0057665 
0 751 0.00644812 
0 752 -0.100906 
0 753 -0.00849067 
0 754 -0.126379 
0 755 -0.0232584 
0 756 0.207535 
0 757 -0.0283216 
0 758 -0.000767312 
0 759 0.200995 
0 760 -0.0307705 
0 761 -0.00804907 
0 762 -0.213273 
0 763 0.17342 
0 764 -0.000974965 
0 765 -0.219622 
0 766 -0.00113658 
0 767 -0.200583 
0 768 0.0234072 
0 769 0.0231444 
0 770 0.0233693 
0 771 -0.297818 
0 772 -0.00157663 
0 773 -0.156045 
0 774 0.0664861 
0 775 0.069418 
0 776 -0.00112452 
0 777 0.0127537 
0 778 0.0151094 
0 779 -0.000335216 
0 780 0.0365564 
0 781 -0.000704482 
0 782 -0.217694 
0 783 -0.00576641 
0 784 -0.0608013 
0 785 -0.233141 
0 786 -0.0614244 
0 787 0.215447 
0 788 -0.498679 
0 789 -0.000637393 
0 790 0.249965 
0 791 -0.000894391 
0 792 -0.200712 
0 793 -0.000894391 
0 794 0.406928 
0 795 -0.00074239 
0 796 0.203222 
0 797 -0.00074239 
0 798 0.209849 
0 799 -0.000373123 
0 800 -0.119741 
0 801 -0.000335216 
0 802 0.129847 
0 803 -0.0152858 
0 804 -0.351717 
0 805 -0.778281 
0 806 -0.00151286 
0 807 0.206627 
0 808 -0.000754797 
0 809 -0.101978 
0 810 0.0337496 
0 811 0.0320618 
0 812 0.114998 
0 813 0.216259 
0 814 -0.000542505 
0 815 0.143514 
0 816 -0.000542505 
0 817 0.214581 
0 818 -0.000542505 
0 819 -0.211574 
0 820 -0.000542505 
0 821 -0.210799 
0 822 -0.00110168 
0 823 -0.222258 
0 824 -0.000542505 
0 825 0.213042 
0 826 -0.000542505 
0 827 -0.217254 
0 828 -0.0231874 
0 829 -0.177294 
0 830 -0.0503451 
0 831 -0.00166575 
0 832 0.206962 
0 833 -0.00146781 
0 834 -0.0252037 
0 835 0.176489 
0 836 -0.00073842 
0 837 -0.210603 
0 838 -0.0171553 
0 839 -0.119974 
0 840 -0.188928 
0 841 -0.0268952 
0 842 -0.182359 
0 843 -0.00258594 
0 844 0.442218 
0 845 0.0414709 
0 846 -0.000382468 
0 847 0.0924435 
0 848 -0.000911771 
0 849 -0.214727 
0 850 -0.00111902 
0 851 0.214855 
0 852 -0.000911771 
0 853 -0.200597 
0 854 -0.000542505 
0 855 0.214142 
0 856 -0.000911771 
0 857 0.0752773 
0 858 0.0710295 
0 859 0.45094 
0 860 0.446419 
0 861 -0.000590124 
0 862 -0.163349 
0 863 0.537116 
0 864 0.216707 
0 865 0.449371 
0 866 -0.00169779 
0 867 -0.189704 
0 868 -0.00192031 
0 869 0.223223 
0 870 -0.00155105 
0 871 -0.233167 
0 872 -0.102673 
0 873 -0.0923043 
0 874 -0.00520228 
0 875 -0.215661 
0 876 -0.00243673 
0 877 -0.506002 
0 878 0.208024 
0 879 -0.000335216 
0 880 0.278213 
0 881 -0.000335216 
0 882 0.129991 
0 883 0.104292 
0 884 0.0809903 
0 885 -0.00355132 
0 886 -0.104278 
0 887 0.221008 
0 888 -0.00305163 
0 889 -0.0873496 
0 890 -0.199874 
0 891 -0.0151851 
0 892 0.443013 
0 893 -0.00104918 
0 894 -0.111484 
0 895 -0.000137271 
0 896 0.214373 
0 897 -4.04498e-05 
