time accuracy
170.849 0.0222096
264.793 0.0330296
328.959 0.0301822
426.902 0.0364465
575.504 0.0432802
708.061 0.047836
785.445 0.0506834
855.838 0.0506834
937.301 0.0552392
1028.94 0.058656
1115.76 0.0654897
1204.02 0.0683371
1265.9 0.0711845
1344.95 0.071754
1406.78 0.0746014
1484.96 0.0780182
1570.21 0.0808656
1637.14 0.0814351
1690.87 0.0882688
1740.9 0.0973804
1791.33 0.101367
1866.32 0.103075
1935.53 0.107631
1996.02 0.112187
2068.81 0.116173
2160.36 0.114465
2270.5 0.115604
2359.58 0.119021
2438.36 0.118451
2522.32 0.120159
2633.6 0.126424
2756.64 0.133827
2869.06 0.133257
2979.04 0.136674
3103.76 0.137813
3184.06 0.142938
3297.32 0.144647
3383.3 0.145216
3490.3 0.147494
3573.56 0.148633
3657.65 0.150342
3751.71 0.15262
3909.23 0.156606
4040.67 0.162301
4104.65 0.166856
4217.14 0.169704
4316.9 0.171982
4380.96 0.173121
4454 0.175968
4526.34 0.179954
4600.43 0.180524
4688.47 0.181663
4795.88 0.182802
4925.92 0.18451
5053.55 0.189066
5140.76 0.191913
5225.48 0.19533
5323.46 0.197608
5402.97 0.200456
5469.24 0.202164
5536.18 0.20672
5610.79 0.208428
5699.7 0.210706
5759.69 0.214123
5810.53 0.218109
5869.17 0.220387
5934.49 0.220957
5997.78 0.221526
6087 0.220387
6178.72 0.219248
6242.9 0.220387
6345.68 0.221526
6433.6 0.224374
6504.47 0.226651
6580.29 0.22779
6650.87 0.228929
6758.57 0.228929
6833.7 0.228929
6896.45 0.234624
6973.28 0.23861
7037.42 0.240319
7129.37 0.240888
7230.65 0.242597
7333.22 0.243736
7427.07 0.245444
7515.72 0.247153
7607.48 0.247722
7712.55 0.247153
7819.81 0.248292
7911.44 0.249431
8035.67 0.25
8137.41 0.250569
8240.62 0.252847
8333.03 0.255695
8424.07 0.256264
8515.81 0.259681
8632.93 0.259681
8709.99 0.260251
8783.48 0.261959
8923.97 0.263098
9125.95 0.260251
9219.04 0.263098
9300.22 0.264237
9378.09 0.265945
9511.89 0.265376
9643.08 0.264806
9798.23 0.267084
9992.01 0.265376
10076.8 0.264806
10137.8 0.267654
10218.8 0.268223
10356 0.268793
10517 0.268223
10708.7 0.272779
10781.9 0.275057
10882.9 0.276196
11041 0.277335
11167.2 0.279043
11277.2 0.280182
11359.2 0.281321
11443.6 0.283599
11538.9 0.284738
11660.1 0.287585
11819.4 0.287016
11950.8 0.292141
12144.6 0.295558
12253.7 0.296128
12339.4 0.294419
12426.6 0.294419
12514.1 0.29385
12604.9 0.29328
12705.9 0.29385
12912.3 0.294419
13009.3 0.295558
13148 0.299544
13292.9 0.298975
13460.6 0.300114
13810.3 0.301253
13951 0.301822
14086.1 0.303531
14225.1 0.303531
14328.3 0.305239
14435.9 0.307517
14529.7 0.306378
14649.1 0.306378
14731.5 0.309226
14834.5 0.311503
14945.5 0.312642
15052.5 0.313212
15208 0.313781
15342.9 0.31492
15473.6 0.314351
15570.2 0.312642
15650.8 0.317768
15767.6 0.318337
15908.1 0.319476
16066.8 0.320615
16131 0.322323
16239.3 0.322323
16327.8 0.322893
16429.6 0.322323
16555.2 0.320615
16640.7 0.322893
16720.6 0.325171
16819.6 0.330866
16897.3 0.337699
17004.4 0.338838
17101.8 0.338838
17217.3 0.33713
17352.9 0.338838
17488 0.341686
17671 0.339977
17783.2 0.339408
17915 0.340547
18030 0.341116
18170 0.341116
18333.1 0.341686
18457.2 0.343394
18565.9 0.349658
18701.3 0.348519
18807.5 0.349658
18905.7 0.349089
19022.9 0.350797
19140.3 0.34795
19231 0.349658
19347.8 0.350228
19499 0.352506
19599.9 0.351936
19722.8 0.353075
19828 0.352506
19939.1 0.352506
20085.2 0.356492
20208.5 0.354784
20340.5 0.354784
20485.7 0.355353
20647.9 0.355923
20765.8 0.3582
20870.3 0.355353
21007 0.35877
21108.3 0.3582
21220.8 0.35877
21345 0.359909
21479.4 0.361617
21603.7 0.361617
21692.4 0.366173
21781.7 0.367312
21929.2 0.366743
21998.3 0.368451
22082.9 0.369021
22171.4 0.36959
22262.7 0.36959
22353.1 0.371298
22460.4 0.370729
22569.9 0.374146
22679.6 0.373576
22794.7 0.374715
22962.6 0.374715
23234.2 0.374715
23517.4 0.376424
23661.5 0.376993
23763.6 0.378132
23953 0.378132
24065.6 0.378702
24178.2 0.379271
24318.5 0.379271
24448.9 0.38041
24587 0.380979
24715.5 0.382688
24828.6 0.384396
24957.6 0.383827
25070.5 0.382688
25395 0.379841
25641.3 0.382118
25857.3 0.383257
26003.7 0.382118
26178.8 0.382118
26266.3 0.382688
26392.7 0.383257
26544 0.386674
26643.4 0.387813
26743.7 0.3918
26838.9 0.390661
26941.6 0.388383
27022.2 0.388383
27109.5 0.388952
27187.6 0.393508
27271.2 0.394077
27377.1 0.394647
27472.9 0.394647
27606 0.395786
27707.3 0.395216
27799.8 0.397494
27878.2 0.398064
27961.8 0.400911
28052.4 0.401481
28144.8 0.40262
28219.4 0.40205
28312.2 0.400342
28409 0.401481
28489.9 0.40205
28581 0.401481
28657.5 0.403189
28723.5 0.403759
28804.7 0.40262
28879.3 0.404897
28959 0.405467
29032.1 0.404328
29095.4 0.405467
29167.1 0.404897
29219.3 0.404897
29275.4 0.403759
29341.9 0.403189
29400.6 0.403759
29467.6 0.408884
29536.3 0.410023
29603.3 0.409453
29658.3 0.407175
29714 0.407745
29767.1 0.409453
29827.8 0.411731
29884.5 0.41287
29950.1 0.41287
30015.2 0.41287
30077.8 0.414009
30137 0.41287
30196.8 0.414009
30263.8 0.414009
30337.4 0.415148
30406.6 0.417426
30475.9 0.415718
30540.9 0.414579
30610.2 0.415718
30681.5 0.417426
30744.3 0.417995
30805.7 0.420273
30872.1 0.420843
30945.3 0.420843
31010.8 0.420843
31073.7 0.421412
31132.1 0.420843
31190.3 0.42369
31244.9 0.42369
31295.4 0.42426
31364 0.42369
31431.2 0.422551
31556.5 0.422551
31662.1 0.422551
31754.2 0.422551
31851.3 0.423121
31919 0.422551
32007.3 0.423121
32143 0.424829
32222.2 0.424829
32284.6 0.42369
32373.2 0.42369
32453.7 0.42426
32521.4 0.425399
32711.6 0.42426
32814.4 0.42426
32919.2 0.425399
33025.1 0.428815
33164.4 0.429954
33286.2 0.429385
33402.2 0.429954
33499.5 0.430524
33586.6 0.428815
33657.7 0.429385
33759.8 0.431093
33842.6 0.430524
34012.2 0.431093
34211.9 0.431093
34322.4 0.430524
34391.7 0.429385
34459.1 0.429385
34547.2 0.429385
34653.2 0.429385
34773.2 0.431663
34896.5 0.432802
34979.9 0.432802
35073.1 0.432802
35159.3 0.432232
35252 0.432232
35356.6 0.432802
35432.8 0.432232
35529.1 0.432232
35597.5 0.432232
35668.9 0.432232
35740.6 0.433371
35807 0.432802
35889.1 0.432802
35955.2 0.433941
36025.6 0.433941
36096.7 0.433941
36178.2 0.43451
36297.5 0.435649
36376.3 0.436788
36440.6 0.436788
36580.3 0.436788
36677.8 0.437358
36752.5 0.437927
36849.6 0.435649
36936.6 0.436788
37012.8 0.437927
37137.8 0.440774
37253.8 0.439636
37362.6 0.437927
37467.2 0.438497
37559.9 0.439066
37664.2 0.440205
37814.1 0.439636
37895.5 0.440205
37989.9 0.439066
38157.9 0.441344
38241 0.441344
38388.3 0.440774
38492.4 0.440774
38599.8 0.441344
38729.6 0.441344
38854.6 0.441913
39007.1 0.442483
39130.1 0.442483
39240.5 0.439636
39331.5 0.440774
39414 0.440205
39493.7 0.440205
39593.5 0.441344
39652.3 0.441344
39709.8 0.441344
39778.5 0.441344
39999.8 0.439636
40111.2 0.440205
40223.3 0.440774
40308.1 0.442483
40422.6 0.443052
40499.7 0.447039
40622.7 0.4459
40724.9 0.447039
40791.8 0.447608
40892.1 0.447039
40997.3 0.4459
41061.3 0.4459
41322.7 0.446469
41462.3 0.446469
41625.9 0.4459
41829 0.444761
41983.4 0.4459
42132.3 0.446469
42263.3 0.447608
42399.2 0.4459
42502 0.447608
42595.8 0.447608
42677.1 0.447608
42752.4 0.449886
42827.8 0.450456
42912.6 0.451025
42995 0.451595
43073.6 0.452164
43157.3 0.452164
43265.6 0.451025
43354.9 0.448178
43446.4 0.448747
43527.7 0.448178
43596.1 0.448178
43666.4 0.448747
43755.2 0.448178
43823.3 0.448178
43928.1 0.449886
44003.4 0.448178
44060.1 0.449317
44114.6 0.448747
44182.3 0.449886
44273.4 0.449886
44346.3 0.449886
44435.8 0.449886
44517.9 0.451025
44591.9 0.451595
44727.2 0.452733
44870.6 0.449886
44953.3 0.449886
45050.3 0.448747
45173.1 0.448178
45301 0.447039
45426.1 0.447608
45556.6 0.447608
45660.9 0.449317
45764.2 0.449886
45836.4 0.450456
45945.3 0.449886
46075.1 0.449317
46174.1 0.449317
46290.5 0.453303
46390.9 0.454442
46522.3 0.454442
46637.2 0.455581
46745 0.45672
46872 0.45615
46970.4 0.45672
47074.3 0.458428
47182.4 0.458998
47335.5 0.458998
47407.7 0.458998
47502.4 0.458428
47578.1 0.458428
47708.6 0.459567
47864 0.459567
47954.3 0.458428
48084.3 0.457289
48528.5 0.457289
48607.5 0.458428
48687.3 0.458428
48760.5 0.460137
48844.3 0.458428
48914.9 0.458428
48983.9 0.458998
49039.2 0.457859
49100.6 0.457859
49190.5 0.457859
49246.8 0.458998
49302.6 0.460137
49384.6 0.461276
49465.8 0.461845
49544.6 0.461845
49617.7 0.460706
49719.7 0.460137
49816.9 0.460137
49948.6 0.460137
50085.6 0.461276
51237.6 0.461845
51379.8 0.460137
51612.3 0.460706
51755 0.461845
51884.1 0.461845
52042.9 0.462415
52223.1 0.462415
52749.1 0.461845
52838.1 0.461276
52915.3 0.461276
52985.9 0.459567
53060.9 0.458998
53128.9 0.458998
53202 0.460137
53269.4 0.457859
53396.8 0.458428
53452.5 0.459567
53510.4 0.460137
53574 0.460706
53638.9 0.461276
53702.4 0.461276
53775.9 0.465262
53845.8 0.464123
53920.8 0.463554
53997.6 0.463554
54057.6 0.462984
54121 0.463554
54179.5 0.463554
54242.2 0.463554
54306.7 0.463554
54377.5 0.462984
54451.8 0.463554
54515.1 0.462415
54610.9 0.461276
54710.3 0.461276
54801.6 0.462984
54896 0.461845
54991.8 0.463554
55105.1 0.462984
55201.1 0.462984
55283.2 0.462984
55377.8 0.462984
55485.5 0.461845
55608.8 0.462415
55674.2 0.462415
55756.9 0.465831
55853.6 0.465831
55947.9 0.465831
56036.6 0.465831
56121.8 0.465262
56208.8 0.465831
56311.2 0.465262
56410.5 0.465262
56517.2 0.465262
56605.5 0.465831
56674.6 0.46697
56751.3 0.46697
56818.9 0.468109
56904.7 0.468679
56961.2 0.468679
57064.7 0.470387
57262.9 0.469248
57319.6 0.46754
57379 0.46754
57434.9 0.46754
57483.7 0.46754
57540.5 0.468109
57623.3 0.469818
57739.1 0.470387
57783 0.469818
57838 0.46754
57891.5 0.468679
57938 0.468679
57994.1 0.469248
58043.9 0.469248
58098.4 0.470387
58151.7 0.470387
58198.6 0.469818
58244.2 0.469818
58288.2 0.469818
58340.1 0.469818
58394.4 0.469818
58436.5 0.469248
58485.2 0.470387
58535.5 0.469818
58641.9 0.469818
58685.3 0.468109
58732.3 0.468109
58776.3 0.46754
58824.2 0.46754
58875.6 0.46754
58921 0.46697
58964.7 0.46754
59069.5 0.46754
59128.8 0.46754
59183.2 0.469248
59233.9 0.469818
59291.4 0.470387
59341 0.470387
59435.4 0.471526
59481.9 0.470387
59533.3 0.470387
59589.1 0.470957
59640.7 0.471526
59695.2 0.471526
59751.6 0.471526
59806.9 0.471526
59863.5 0.471526
59914.2 0.472096
59971.3 0.473804
60020 0.472665
60077.3 0.472665
60124.1 0.473804
60179.5 0.472096
60230.7 0.471526
60291.9 0.471526
60334.3 0.471526
60380 0.471526
60434.6 0.469818
60484.3 0.469248
60538.4 0.470387
60594.2 0.470387
60650.3 0.472096
60705.6 0.472096
60765 0.472096
60831.2 0.472096
60899.1 0.473235
60948.9 0.472665
61006.9 0.472665
61061.5 0.472665
61131.5 0.472665
61198.5 0.473235
61263.3 0.473235
61333.6 0.473235
61397 0.473235
61453.5 0.473235
61511.6 0.472665
61560.2 0.473804
61618.5 0.473804
61679.1 0.473804
61737.1 0.473804
61796.8 0.473804
61867.9 0.473804
62031.3 0.473235
62095.1 0.473235
62173.3 0.473235
62225.6 0.473235
62286.1 0.472665
62339.4 0.473235
62390.6 0.473804
62443.4 0.473804
62501.1 0.473804
62553.8 0.474374
62638.6 0.474374
62711.1 0.474374
62797.9 0.473804
62867.5 0.474374
62929.1 0.474943
62999.5 0.474374
63059.1 0.474374
63120.4 0.473804
63176.6 0.473804
63226.2 0.473235
63277.1 0.472096
63334 0.472096
63389.4 0.472096
63464.6 0.472096
63537.9 0.471526
63600.8 0.471526
63654.1 0.473235
63729.6 0.473235
63801.8 0.473235
63868.7 0.474374
63918.4 0.472096
63973 0.473804
64045.8 0.473235
64110.8 0.474374
64190.8 0.474374
64260.5 0.473235
64324.3 0.473804
64396 0.475513
64463.9 0.474943
64532 0.474943
64594.8 0.474943
64649.3 0.474374
64705.6 0.475513
64760.7 0.474943
64813.4 0.474374
64869.6 0.473804
64922.4 0.473804
64984.1 0.474943
65042.2 0.474943
65101.5 0.474374
65157.6 0.474374
65208.5 0.474374
65268.6 0.474374
65333.3 0.474374
65381.2 0.474374
65443.8 0.474374
65497.1 0.475513
65553.9 0.474943
65602.2 0.476651
65655.2 0.476651
65733.9 0.476082
65788 0.473804
65849.8 0.473804
65911 0.474374
65958.9 0.474374
66008.8 0.474374
66056.9 0.473804
66105 0.474374
66155.6 0.475513
66206.3 0.475513
66259.1 0.479499
66313.3 0.47836
66381.9 0.476651
66457.1 0.476651
66509.3 0.476651
66557.3 0.477221
66619.6 0.477221
66668.2 0.477221
66719.7 0.47779
66776.4 0.47779
66826.8 0.47779
66879.7 0.47779
66926.2 0.47779
66980 0.479499
67029.5 0.478929
67085.9 0.478929
67149.8 0.478929
67205.9 0.478929
67255.9 0.478929
67304.6 0.478929
67356.4 0.478929
67406.3 0.478929
67460.4 0.47836
67513.8 0.478929
67562.6 0.47836
67618.7 0.478929
67676.2 0.478929
67732.9 0.478929
67789.1 0.480068
67840.7 0.479499
67893.8 0.479499
67948.7 0.478929
68004.2 0.478929
68057.8 0.47836
68113.7 0.480068
68181.5 0.478929
68236.6 0.479499
68290.7 0.479499
68346.3 0.47779
68396.7 0.47779
68447.6 0.47779
68496.6 0.477221
68546.6 0.47779
68615.7 0.477221
68669.6 0.477221
68725.8 0.477221
68777 0.477221
68829.4 0.477221
68882.4 0.477221
68943.6 0.477221
68998.6 0.477221
69094.3 0.47779
69177.2 0.47779
69245.6 0.47779
69359.6 0.47779
69482.1 0.480068
69598.8 0.480068
69685.8 0.480638
69748.5 0.481207
69868.6 0.480638
69930 0.481207
69995.3 0.481207
70049.9 0.481207
70109.1 0.481207
70177.3 0.481207
70255.9 0.481207
70345.7 0.480638
70440.2 0.480068
70526 0.479499
70621.5 0.476651
70705.7 0.476651
70785.7 0.476651
70865.6 0.47779
70939.1 0.47779
71013.2 0.47779
71109.7 0.47779
71194 0.47779
71272.7 0.47779
71358.1 0.47779
71437.5 0.47779
71527.8 0.47836
71622.6 0.47836
71709.1 0.47836
71789 0.47836
71877.1 0.478929
71956.5 0.479499
72034.6 0.479499
72131.9 0.479499
72200.9 0.480068
72273.1 0.480068
72341.1 0.481207
72404.7 0.481777
72474.6 0.481777
72538.3 0.482346
72611.7 0.481777
72673.6 0.481777
72742.4 0.481777
72810.3 0.481777
72879 0.482916
72940.6 0.482916
72993.4 0.483485
73051 0.485194
73093.2 0.482916
73139.3 0.482916
73178.3 0.481207
73225.4 0.481207
73270.7 0.481207
73319.2 0.481207
73379.6 0.481207
73427.2 0.481777
73470.5 0.481777
73516 0.482916
73561.6 0.482916
73602.3 0.482346
73645.9 0.482346
73703.2 0.483485
73767.4 0.482346
73820.8 0.482346
73871.9 0.482346
73938.6 0.483485
74019.2 0.483485
74101.1 0.484055
74188.3 0.484055
74277.4 0.484055
74366.2 0.482916
74442.4 0.482346
74514.5 0.482346
74596 0.482346
74672.9 0.482346
74727 0.482346
74786.9 0.481777
74853.9 0.482346
74941 0.482346
75021.1 0.482916
75091.9 0.482916
75141.9 0.482916
75199.8 0.482916
75255.2 0.482346
75331.7 0.482916
75415 0.482916
75498.2 0.483485
75563.7 0.485194
75616.7 0.483485
75680.5 0.482916
75739.1 0.482916
75805.3 0.481207
75878 0.481777
75949.1 0.481777
76040.9 0.481777
76128.4 0.481777
76209.2 0.481207
76265.7 0.481777
76324 0.481777
76372.5 0.481777
76421.9 0.481777
76474.5 0.481777
76527.5 0.481777
76577.9 0.482916
76626.5 0.484624
76679 0.485763
76730.9 0.485763
76780.7 0.485763
76827.3 0.485763
76875.8 0.486902
76932.7 0.486902
76982.1 0.486902
77029.4 0.486902
77086 0.487472
77146 0.487472
77210.5 0.48861
77268.7 0.487472
77342.3 0.486902
77404.2 0.484624
77460.5 0.484624
77507.9 0.485763
77572.1 0.485763
77624 0.485763
77678.6 0.485763
77739.3 0.485763
77798.8 0.485763
77887.8 0.485763
77964.1 0.486902
78032.5 0.487472
78120.7 0.487472
78191.1 0.487472
78355.7 0.487472
78424 0.487472
78489.5 0.487472
78556.1 0.487472
78628.9 0.485194
78695.9 0.484624
78766 0.484624
78827.9 0.484055
78888.3 0.483485
78950.4 0.484624
79022 0.484624
79102.2 0.484624
79171.1 0.484624
79252 0.484624
79295.1 0.484055
79340.6 0.484624
79385 0.484624
79435 0.484624
79485.7 0.484624
79529.6 0.484624
79583.6 0.485194
79650.2 0.485194
79695.8 0.485194
79739.7 0.485194
79782.4 0.486902
79827.4 0.485763
79870.5 0.485763
79911.8 0.486333
79954.7 0.486333
80001.2 0.486902
80049.6 0.487472
80095.7 0.487472
80140.2 0.486902
80187 0.486902
80229.7 0.487472
80273.8 0.487472
80315.7 0.487472
80359.9 0.487472
80403.5 0.486902
80454.3 0.486333
80504.5 0.484055
80552.5 0.484055
80596.7 0.484624
80643.5 0.484055
80691.5 0.484055
80736.4 0.484055
80783.2 0.484055
80851.8 0.484055
80896.7 0.484055
80936.9 0.485194
80998.8 0.485194
81070 0.485194
81135.9 0.485194
81204.6 0.485194
81271.7 0.483485
81344.8 0.483485
81405.8 0.483485
81479.5 0.483485
81540.5 0.483485
81607.1 0.485763
81656.1 0.485763
81711.6 0.485763
81765.1 0.485763
81814.9 0.485763
81879.9 0.485763
81929.4 0.485194
81982.1 0.485194
82029.9 0.48861
82106.5 0.487472
82155.5 0.487472
82220.1 0.487472
82270.2 0.487472
82321.1 0.48861
82376.7 0.48861
82422.7 0.488041
82476.9 0.488041
82523.5 0.486902
82568.8 0.486902
82619.5 0.486902
82667.3 0.486902
82717.3 0.486902
82780.4 0.486902
82827 0.486902
82874 0.487472
82919.3 0.487472
82970.1 0.48861
83028.4 0.48861
83075.3 0.489749
83164.7 0.489749
83261.8 0.490319
83332.1 0.48861
83386.7 0.488041
83450.8 0.488041
83518.2 0.48861
83632 0.48918
83678.2 0.48918
83734.4 0.48918
83781.7 0.48861
83842.9 0.48918
83904.4 0.490319
83957.1 0.489749
84011.7 0.489749
84059.8 0.489749
84110.1 0.489749
84164.8 0.489749
84217.3 0.48918
84274 0.490319
84325 0.490319
84377.2 0.490319
84425.4 0.490319
84480.7 0.490888
84534.8 0.491458
84586.7 0.490888
84637.7 0.491458
84686.3 0.491458
84735.4 0.491458
84787.7 0.491458
84841.1 0.491458
84887.7 0.489749
84935.1 0.489749
84974.2 0.489749
85017.5 0.489749
85058 0.488041
85102 0.48861
85154.4 0.488041
85208.8 0.487472
85254 0.488041
85293.5 0.48861
85338.8 0.48861
85387.8 0.488041
85441.2 0.488041
85492.9 0.488041
85543.5 0.488041
85603.5 0.48861
85659.6 0.48861
85710.3 0.48918
85752.8 0.48861
85795.7 0.48861
85848 0.48861
85896.1 0.491458
85944.7 0.491458
85990.6 0.490888
86032.9 0.490888
86078.7 0.490888
86128.8 0.491458
86183.2 0.491458
86229.2 0.491458
86291.9 0.494305
86345.3 0.494305
86411.8 0.493736
86464.8 0.493736
86523 0.494305
86573.1 0.494305
86619 0.493736
86667.7 0.494305
86713.3 0.494305
86763.7 0.494305
86817.1 0.493736
86868.9 0.493736
86918.1 0.493736
86960.4 0.493736
87003.4 0.493736
87046.4 0.494305
87089.9 0.494305
87134.2 0.494305
87171.1 0.494875
87215 0.494875
87257.9 0.495444
87316.8 0.495444
87366.3 0.495444
87435.9 0.496014
87505.5 0.494875
87579.1 0.496583
87675.4 0.494305
87781 0.494305
87923.1 0.497153
88036.6 0.496583
88138.8 0.496583
88187.7 0.496583
88231.4 0.496583
88273.2 0.496583
88316.1 0.496583
88365.1 0.496583
88409.3 0.496583
88459.7 0.496583
88507 0.496583
88547.2 0.496583
88597.4 0.496583
88657.1 0.496583
88705.5 0.496583
88764.4 0.496583
88833 0.496583
88888 0.496583
88940.6 0.497153
