time accuracy
439.076 0.373576
937.339 0.439636
1469.15 0.468679
2071.41 0.496014
2845.95 0.504556
3782.59 0.52221
4689.92 0.535308
5644.01 0.530182
6707.27 0.552961
7883.4 0.533599
9589.43 0.535877
11514.7 0.546697
13064 0.5541
14656.2 0.542711
17244.7 0.561503
19741.2 0.549544
22153.8 0.564351
24773.9 0.556948
27890.7 0.553531
30951.5 0.547836
34069.8 0.557517
37361.3 0.56492
40812.2 0.56492
44397.3 0.556948
48035.6 0.566629
51820.9 0.560934
55725.4 0.571185
59836.4 0.558087
64139.3 0.570615
68519.7 0.578588
73280.5 0.572893
78332.2 0.563781
83422 0.56549
88614.1 0.568337
93873.5 0.570046
99453 0.566059
105685 0.563781
111892 0.570046
117886 0.568907
123210 0.57631
128392 0.566629
133759 0.569476
139836 0.570615
146178 0.567198
151741 0.570615
157488 0.566629
162087 0.561503
166085 0.566629
170744 0.571185
175481 0.568337
179778 0.562073
183557 0.570615
187641 0.566629
