time accuracy
3730.13 0.153759
7546.31 0.147494
11339.3 0.165148
15139.3 0.201595
18804.3 0.212984
22554.8 0.203872
27210.2 0.208998
32095.6 0.231777
36965.3 0.216401
41348.4 0.234624
45066.4 0.223804
49196.6 0.23861
54250.7 0.265945
59122.7 0.244305
64356.3 0.222096
70753.3 0.255125
76759.3 0.254556
83165.3 0.267084
89044.6 0.248292
95423.2 0.237472
101294 0.252847
109323 0.260251
116179 0.255695
122706 0.263098
128848 0.273349
135809 0.27164
143563 0.286446
150145 0.272779
156970 0.284738
164590 0.273349
170648 0.269362
176482 0.273349
182028 0.273918
187997 0.294989
194937 0.288155
200908 0.284169
