time accuracy
3815.89 0.171412
7567.26 0.196469
11293.9 0.222665
15007.3 0.211276
18983.8 0.253417
22472.7 0.246583
26773.3 0.269362
30711.5 0.288155
35400.9 0.283599
40079.3 0.294989
44443.3 0.280752
48850.5 0.291002
53057.4 0.291572
57310 0.289863
61547.4 0.302392
66534 0.288155
71122.6 0.313781
75875.4 0.310934
80642.8 0.331435
85361.3 0.321754
89767.9 0.31549
94422.6 0.322893
98880.3 0.335991
103034 0.33656
107436 0.322893
111905 0.332005
116340 0.318337
120677 0.351936
124946 0.357631
130152 0.351367
134834 0.348519
139584 0.343964
144027 0.350797
148305 0.345103
152555 0.361048
156759 0.378132
160917 0.334852
166812 0.367312
172768 0.375854
178341 0.36959
183496 0.371298
189865 0.385535
195707 0.383827
201422 0.378132
