time accuracy
136.6 0.0244875
221.229 0.035877
277.077 0.0375854
353.363 0.035877
444.267 0.0335991
568.531 0.035877
688.692 0.0427107
764.81 0.0472665
850.992 0.047836
937.816 0.0501139
1028.78 0.0535308
1113.35 0.0535308
1202.39 0.0523918
1294.35 0.0535308
1396.37 0.059795
1461.03 0.0620729
1544.07 0.0649203
1619.27 0.0649203
1687.66 0.0666287
1756.39 0.0677677
1820.01 0.070615
1932.15 0.0746014
2025.75 0.0797267
2130.22 0.0848519
2222.56 0.0859909
2312.07 0.0894077
2405.85 0.094533
2496.03 0.0951025
2588.42 0.0979499
2723.85 0.101936
2817.36 0.103075
2918 0.103645
3019.44 0.105353
3153.33 0.105353
3264.89 0.106492
3386.3 0.110478
3501.86 0.110478
3585.85 0.109909
3682.19 0.113326
3793.18 0.113895
3885.9 0.114465
3990.7 0.117312
4122.23 0.117312
4209.23 0.120159
4337.68 0.123576
4441.65 0.125854
4526.48 0.128132
4613.62 0.133257
4697.97 0.138383
4804.91 0.140661
4928.78 0.142938
5044.68 0.145786
5154.85 0.148633
5244.08 0.151481
5357.76 0.154897
5467.7 0.158314
5530.15 0.159453
5600.39 0.162301
5677.74 0.161731
5770.4 0.16287
5853.07 0.16344
5933.57 0.167426
5995.01 0.167995
6062.67 0.169134
6141.67 0.169704
6236.16 0.173121
6310.44 0.174829
6403.9 0.178815
6487.86 0.181663
6595.85 0.182232
6708.85 0.183371
6802.03 0.186788
6876.22 0.187358
6986.86 0.190205
7100.89 0.192483
7175.27 0.191913
7263.28 0.191913
7323.04 0.191913
7411.9 0.19533
7512.41 0.1959
7608.86 0.196469
7721.77 0.197039
7823.08 0.197039
7915.54 0.197039
8006.6 0.198178
8101.96 0.201595
8205.93 0.203303
8313.4 0.205581
8415.68 0.210137
8522.37 0.214123
8622.73 0.21697
8720.5 0.220387
8836.85 0.222665
8938.7 0.223804
9038.22 0.226651
9110.86 0.226651
9240.72 0.229499
9406.3 0.231777
9490.45 0.232916
9572.74 0.235194
9642.94 0.236902
9733.06 0.23918
9949.64 0.240888
10151.4 0.241458
10316.5 0.244305
10460.2 0.243736
10554.8 0.246583
10689.2 0.248292
10831.4 0.251139
10950.4 0.253417
11113.4 0.253986
11197.8 0.254556
11293.4 0.255695
11446.5 0.256834
11596.8 0.258542
11723.2 0.257973
11803.2 0.259681
11888.6 0.260251
12009.9 0.259681
12118.9 0.263098
12247.6 0.263667
12390.2 0.266515
12557.9 0.267084
12713.2 0.271071
12813.7 0.27164
12914.9 0.271071
12992 0.27221
13074.2 0.27164
13148.7 0.270501
13232.1 0.271071
13427.3 0.272779
13528.9 0.276765
13660.8 0.276765
13797.2 0.277904
13936.9 0.279043
14276.9 0.279043
14413.2 0.280752
14537.5 0.28303
14690.3 0.28246
14777.2 0.28246
14899.8 0.287016
15019.5 0.286446
15142.1 0.288724
15224.4 0.289863
15294.1 0.292141
15362.1 0.29328
15470.1 0.29328
15608.2 0.294989
15691.5 0.296128
15885.5 0.297267
16044.5 0.298405
16136.6 0.297836
16246.4 0.296697
16358.3 0.300683
16479 0.301253
16611.1 0.302392
16670.8 0.30467
16787.2 0.305809
16891.8 0.306948
16987.7 0.308087
17096.1 0.309795
17217.7 0.309226
17293.2 0.309795
17379 0.308656
17456.4 0.310364
17547.5 0.310364
17656.1 0.310934
17791.5 0.311503
17894.8 0.310934
18041 0.311503
18178 0.312642
18337.5 0.312642
18475.2 0.312642
18597.1 0.314351
18716.6 0.31549
18849.9 0.318907
19003.6 0.318337
19114 0.31549
19232.3 0.316059
19323.1 0.316059
19448.6 0.318337
19581.6 0.321754
19712.9 0.324601
19829.9 0.324601
19965.3 0.325171
20098.2 0.324032
20231.3 0.324601
20363.1 0.322893
20468.6 0.322893
20602.9 0.32574
20720.7 0.326879
20868.6 0.327449
21060.4 0.32574
21280.6 0.324601
21394.1 0.32574
21528.3 0.329157
21678.7 0.329727
21825.9 0.329727
21944.7 0.330866
22061.1 0.332005
22178.8 0.332005
22305.4 0.331435
22386.4 0.332005
22488.4 0.33656
22614.6 0.33656
22689.1 0.33713
22811.3 0.337699
22901.9 0.338269
23008.3 0.339408
23108.1 0.340547
23225 0.341116
23333.4 0.343394
23455.7 0.344533
23590.3 0.345672
23733 0.343394
24065.5 0.342255
24300 0.342255
24423.1 0.341116
24574.6 0.341686
24676.9 0.343394
24781.5 0.343394
24940.4 0.343394
25065.8 0.343394
25168.1 0.344533
25271.1 0.344533
25384 0.344533
25512.7 0.343964
25644.3 0.34795
25750.3 0.349089
25979 0.351367
26171.3 0.351936
26378.9 0.351367
26492.2 0.350797
26586.7 0.350797
26722.9 0.350797
26789.6 0.351936
26866.3 0.351367
26968.1 0.351367
27066 0.353645
27155.3 0.353075
27236.3 0.354214
27289.9 0.355353
27363.3 0.356492
27436.1 0.357631
27500.5 0.357631
27556.2 0.359339
27630.6 0.359339
27698.5 0.359339
27760.8 0.359909
27817.8 0.359909
27872.2 0.359339
27950.1 0.359909
28060.1 0.360478
28127.8 0.360478
28230.7 0.360478
28299.3 0.361617
28369.6 0.363326
28484.3 0.363326
28583.7 0.363326
28669.5 0.365604
28746 0.367312
28806.3 0.367312
28874.9 0.369021
28989 0.369021
29049.2 0.370159
29111.2 0.369021
29170.6 0.36959
29230.9 0.36959
29345.3 0.36959
29432.5 0.36959
29484.1 0.369021
29548.6 0.369021
29608.9 0.36959
29663.4 0.373007
29723.3 0.373007
29787 0.372437
29862.5 0.372437
29929.5 0.374146
29983.1 0.375854
30047.4 0.374715
30107.1 0.374146
30166 0.373576
30228.9 0.376993
30290.7 0.378132
30348.3 0.377563
30397.5 0.379841
30449.4 0.380979
30500.4 0.383827
30548 0.383827
30597.9 0.383827
30649.2 0.384396
30703.2 0.386674
30763.5 0.387244
30814.7 0.387244
30878.4 0.387813
30937.1 0.387813
30994 0.387244
31051.6 0.388952
31108.1 0.388952
31173.9 0.390661
31223.8 0.392369
31284 0.392938
31345.8 0.392369
31395.9 0.392369
31447.2 0.392369
31496.1 0.395216
31552.3 0.394647
31607 0.395786
31666.4 0.395786
31725.9 0.396925
31775.9 0.396355
31829.1 0.396355
31927.3 0.396355
32050.9 0.396355
32165.5 0.396355
32251.4 0.396355
32329.1 0.396355
32411.5 0.398064
32556.3 0.398064
32645.1 0.398064
32706.9 0.399203
32788.5 0.400911
32878.9 0.400911
33063.7 0.399203
33224.6 0.399203
33309.8 0.399203
33397.3 0.399772
33492.5 0.398633
33570.1 0.398633
33683.7 0.398633
33779.2 0.398633
33884.1 0.399203
34003.8 0.398633
34081.1 0.398633
34144.3 0.399203
34245.7 0.399772
34332.4 0.399203
34530.1 0.399772
34637.6 0.400911
34749.2 0.401481
34801.2 0.40205
34851.7 0.40205
34928.4 0.40205
35009.7 0.40262
35086.4 0.40262
35166 0.40262
35250.2 0.40205
35349.1 0.40262
35433.1 0.403189
35526.6 0.403759
35618.2 0.403759
35705.9 0.403759
35793.9 0.403759
35876.4 0.404328
35966.3 0.407175
36044.1 0.407745
36126.3 0.409453
36206.2 0.409453
36294.7 0.408884
36376.9 0.408884
36454.9 0.409453
36514.6 0.409453
36582.6 0.409453
36680.1 0.409453
36787 0.409453
36844.6 0.409453
36964.7 0.408884
37049 0.408884
37145.3 0.408884
37250.5 0.411731
37354.2 0.41344
37441.1 0.414579
37511.8 0.414009
37623.1 0.414009
37722.4 0.414009
37822.1 0.414579
37924.4 0.414579
38012.7 0.414579
38102.3 0.415148
38198.3 0.414579
38318.3 0.415148
38398 0.415718
38496.1 0.415718
38655.2 0.415718
38719 0.415718
38822 0.416287
38934.9 0.416287
39050.1 0.417995
39160 0.417995
39263.4 0.417995
39370.8 0.417995
39473.1 0.419134
39583.4 0.419134
39682.4 0.419704
39776.3 0.421412
39861.8 0.422551
39956.1 0.42369
40059.8 0.42369
40147.9 0.42369
40232.7 0.42369
40388.6 0.425399
40519.7 0.425399
40625.4 0.42426
40710.3 0.42426
40810.7 0.425399
40932.9 0.426538
41075.6 0.424829
41187.8 0.42369
41254.9 0.425399
41317.6 0.426538
41406.2 0.427107
41496.6 0.427107
41630.5 0.429385
41763.3 0.430524
41889.2 0.431663
42024 0.432802
42150.1 0.432802
42317.6 0.431093
42469.8 0.430524
42569.3 0.432232
42662.2 0.432232
42745.4 0.431093
42809.3 0.433941
42871.5 0.43508
42934.6 0.43508
42990.9 0.435649
43046.9 0.43451
43109.5 0.433941
43177.8 0.43508
43241.4 0.43508
43302.7 0.43508
43375.2 0.43508
43446 0.43508
43510.6 0.435649
43572.9 0.435649
43631.4 0.436788
43686.1 0.437358
43739 0.437358
43798.3 0.437927
43863.2 0.439066
43945.9 0.439636
44020.4 0.441344
44095.7 0.440774
44190.7 0.442483
44266.1 0.443052
44343 0.443052
44406.6 0.443052
44462.7 0.443052
44519.4 0.442483
44594.9 0.441913
44677.8 0.442483
44772.5 0.442483
44864.2 0.443622
44968.5 0.444191
45071.5 0.444191
45158.6 0.44533
45241.2 0.44533
45324.2 0.4459
45447.1 0.444761
45553 0.44533
45653.9 0.444761
45756.9 0.444191
45839.3 0.444191
45912.4 0.444191
45976.3 0.444761
46036.4 0.444761
46131.2 0.444761
46241.5 0.444761
46356.5 0.4459
46430.8 0.4459
46495.5 0.447039
46577.2 0.447039
46639.5 0.448178
46707.5 0.449317
46763.2 0.449886
46828.1 0.449886
46928 0.449886
47046.9 0.451025
47151.6 0.451025
47246.9 0.449317
47337.2 0.448747
47489.5 0.448747
47575.3 0.448747
47704.9 0.448747
47791.5 0.449317
47888.1 0.449317
47981.9 0.449317
48061.4 0.449317
48208.3 0.449317
48317.1 0.450456
48631.9 0.449886
48702.8 0.449886
48789.5 0.450456
48850.4 0.450456
48911 0.450456
48961.1 0.450456
49015.7 0.450456
49071.2 0.450456
49164.4 0.450456
49217 0.451025
49293.4 0.451025
49352 0.451025
49413.2 0.451595
49492.8 0.451595
49570 0.451595
49639.9 0.451595
49719 0.451025
49822.1 0.451025
49924.6 0.451025
50069.9 0.452164
50391.9 0.454442
51402.2 0.455581
51538.8 0.455581
51631.4 0.455581
51831.6 0.455581
51942.3 0.455011
52062.1 0.455011
52206.9 0.455011
52352.5 0.455011
52489.2 0.455011
52574.6 0.455011
52635.1 0.455011
52691.2 0.455581
52754 0.455581
52818.4 0.455581
52882.3 0.45615
52943 0.45615
53009.4 0.455581
53071.3 0.455011
53126.2 0.455011
53196.2 0.455011
53262.5 0.455011
53318.9 0.455011
53388.7 0.454442
53457.3 0.454442
53523.5 0.453872
53588.6 0.455011
53656.1 0.455581
53721.8 0.455581
53790.3 0.457859
53854.7 0.457859
53930.1 0.457859
54009.6 0.457859
54106.8 0.458428
54189.4 0.458428
54288.3 0.458998
54359.3 0.458998
54420.4 0.459567
54483.5 0.459567
54548.6 0.460137
54610.3 0.459567
54687.6 0.459567
54753.8 0.459567
54831.4 0.461845
54892.3 0.461845
54971.1 0.460706
55085.1 0.462984
55174.3 0.461845
55267.1 0.462415
55348.4 0.462415
55417.5 0.462415
55501.8 0.462984
55600.4 0.462984
55699.1 0.462415
55781.4 0.462415
55868.6 0.462415
55959.9 0.462415
56042.7 0.462984
56135.6 0.462984
56208.3 0.462984
56311.8 0.462984
56425.4 0.462984
56492.9 0.462984
56556.6 0.462415
56639.9 0.461845
56722.8 0.462415
56782.6 0.462415
56831.4 0.462415
56895.5 0.462415
56963.3 0.466401
57015.6 0.466401
57072.3 0.466401
57134.6 0.465831
57237.4 0.465831
57330.7 0.465831
57389.1 0.465831
57452.3 0.465831
57517.1 0.46697
57566.8 0.466401
57622.5 0.466401
57679.1 0.466401
57736.5 0.46754
57815.7 0.468679
57875.3 0.468679
57936.9 0.468679
57996.4 0.470957
58057.9 0.471526
58115.9 0.470387
58181 0.470387
58240.7 0.471526
58299.3 0.470387
58353.2 0.471526
58411.7 0.471526
58463.9 0.471526
58520.9 0.470957
58582.4 0.470957
58644 0.470957
58691.9 0.470957
58748.4 0.470957
58799.4 0.470387
58857.6 0.470387
58913.6 0.472096
58974.5 0.472096
59030.1 0.472665
59086.8 0.472665
59143.6 0.472096
59236.9 0.473235
59298.5 0.473235
59365.3 0.473235
59429.3 0.473804
59487.5 0.473804
59554 0.472096
59614 0.471526
59675 0.471526
59734.8 0.471526
59792.2 0.473235
59857.4 0.472096
59918 0.472096
59982.4 0.472096
60057.2 0.472096
60116.3 0.474374
60183.2 0.473804
60235.7 0.475513
60292.6 0.475513
60347.7 0.475513
60405.2 0.475513
60468.5 0.474943
60529 0.474943
60598.9 0.474943
60662.4 0.474943
60734.6 0.474943
60810.2 0.474943
60884.6 0.474943
60956.9 0.476082
61006.3 0.476082
61064.4 0.477221
61122.3 0.477221
61182.5 0.47779
61243.4 0.47779
61313.1 0.47779
61376.8 0.47836
61436.1 0.478929
61501.4 0.481207
61564.1 0.480068
61626.2 0.480068
61692.1 0.480068
61753.7 0.480068
61819.8 0.480068
61878.2 0.480068
61945.3 0.480068
62000.9 0.480068
62055.8 0.480068
62117.8 0.480068
62170.8 0.480068
62242.3 0.480068
62307.3 0.480638
62380 0.480638
62455.6 0.480638
62539.3 0.480068
62600 0.481777
62658.4 0.481777
62720.1 0.481777
62779.6 0.481777
62837.2 0.481777
62891.4 0.481777
62944.6 0.481777
62996.7 0.481777
63061.3 0.481777
63125.5 0.481777
63185.5 0.481777
63280.4 0.483485
63369.2 0.485194
63433.7 0.485194
63518.8 0.485194
63601.7 0.484624
63702.9 0.484624
63786.5 0.485194
63857.2 0.484055
63936 0.484055
64008.9 0.484055
64081.3 0.485763
64156.5 0.485763
64237.7 0.485763
64322.3 0.485763
64393.3 0.486333
64448.5 0.486333
64500.5 0.485763
64562.9 0.485194
64623.2 0.485194
64681.9 0.485763
64736.7 0.485763
64795.3 0.486333
64853.3 0.486333
64907.9 0.486333
64971 0.485763
65030.8 0.484055
65081.1 0.484055
65134.7 0.485763
65183.8 0.484055
65237 0.484624
65293.5 0.484624
65352 0.483485
65411.4 0.483485
65463 0.483485
65517.6 0.483485
65564.9 0.483485
65614.1 0.483485
65665.5 0.483485
65739.2 0.483485
65796.7 0.485763
65855.8 0.485763
65929.4 0.485763
65987.7 0.485763
66048.6 0.485763
66100.2 0.485763
66147.2 0.485763
66198.5 0.485763
66244.6 0.485763
66299.4 0.485763
66346.3 0.485763
66406.2 0.485763
66460.5 0.485763
66518.4 0.485763
66571.3 0.485763
66631.4 0.485763
66695.2 0.485763
66751.9 0.485763
66805.5 0.487472
66855.3 0.487472
66908.9 0.486333
66960.1 0.485763
67012.1 0.485763
67077.7 0.486333
67139.5 0.486333
67198.9 0.486333
67253.7 0.486333
67313.3 0.486333
67364.8 0.486333
67418.7 0.486333
67470.3 0.486333
67520.4 0.486333
67578.3 0.485194
67630.1 0.485763
67683 0.485763
67743.5 0.485763
67799.6 0.485763
67857.7 0.486333
67912.4 0.485194
67974.8 0.485194
68045.3 0.486333
68105.6 0.486333
68159.7 0.486902
68216.5 0.486902
68274.5 0.486902
68329 0.486902
68386.3 0.486902
68440.6 0.486902
68497.7 0.486333
68568.6 0.486333
68630.7 0.486333
68691.5 0.486333
68759.8 0.486333
68815.9 0.486333
68871.6 0.487472
68966.1 0.486902
69045.1 0.487472
69143 0.487472
69212.2 0.48861
69316.3 0.48861
69418 0.48861
69514.1 0.48861
69621.4 0.48861
69696.5 0.48861
69810.6 0.487472
69917.8 0.486902
70003.4 0.486902
70112.7 0.486902
70199.2 0.486902
70275.4 0.486902
70367.9 0.486902
70470 0.487472
70568.6 0.487472
70665 0.488041
70742.6 0.488041
70827.7 0.488041
70908.4 0.488041
70993.6 0.488041
71081.9 0.488041
71181.8 0.488041
71255.4 0.488041
71345.6 0.488041
71424.3 0.488041
71502.6 0.488041
71594.1 0.488041
71691.9 0.488041
71792.7 0.486902
71871 0.486902
71956.7 0.487472
72049.3 0.487472
72136.8 0.487472
72257.7 0.487472
72317.4 0.487472
72379.7 0.487472
72430.9 0.487472
72488.1 0.487472
72554.2 0.487472
72611.2 0.487472
72666.8 0.487472
72715.6 0.487472
72775.2 0.487472
72828.5 0.487472
72883.8 0.487472
72948.3 0.487472
73009.3 0.487472
73063 0.485763
73123.7 0.485763
73184.4 0.485763
73236.7 0.485763
73288.6 0.485763
73358.2 0.485763
73416.3 0.485763
73478.1 0.485763
73561.6 0.485763
73616.7 0.485763
73668.6 0.485763
73721.1 0.485763
73780.1 0.485763
73835.6 0.485763
73898 0.485763
73963 0.485763
74033 0.485763
74101.6 0.485763
74170.4 0.485763
74236.1 0.485194
74295.8 0.485194
74344.2 0.485763
74389 0.485763
74437.1 0.485763
74483.2 0.485763
74523.7 0.486333
74566.3 0.487472
74644 0.487472
74690.4 0.486902
74733.5 0.486902
74783.7 0.486902
74829.8 0.486902
74877 0.486902
74921.2 0.486902
74974.2 0.486902
75033.1 0.485763
75094.2 0.485194
75172.5 0.485194
75229.1 0.485194
75293 0.485194
75351.3 0.485763
75418.7 0.485763
75485.5 0.485763
75541.3 0.485763
75627 0.486902
75696.7 0.486902
75767.6 0.486333
75846.2 0.486333
75940.2 0.486902
76035.3 0.486902
76127.5 0.486902
76211.5 0.486333
76315.5 0.486333
76417.2 0.486333
76503.5 0.485763
76572.6 0.485763
76654.4 0.484624
76722.1 0.484624
76787.3 0.484624
76852.8 0.484624
76923.3 0.484624
77017.6 0.484624
77113.5 0.484624
77200.4 0.484624
77274.5 0.484624
77363.8 0.484624
77434 0.484624
77498.2 0.485763
77558.3 0.485763
77615.5 0.485194
77671.1 0.485194
77722.2 0.485194
77774.9 0.485763
77833.6 0.486902
77890.2 0.486333
77946.2 0.486333
78032 0.486333
78114.9 0.487472
78194.4 0.486902
78259.7 0.486902
78331 0.486902
78421.1 0.488041
78503.2 0.487472
78641 0.487472
78746.9 0.487472
78811.8 0.487472
78887.5 0.487472
78956.9 0.487472
79031 0.487472
79102.5 0.486902
79173.3 0.486902
79231.8 0.486902
79299.5 0.486902
79364.9 0.486902
79498.5 0.486902
79580 0.486902
79695.3 0.486902
79761.4 0.486902
79820.9 0.487472
79877.5 0.48918
79931.4 0.48918
79989.5 0.488041
80044.3 0.488041
80099.1 0.486333
80154.3 0.486902
80210.2 0.486902
80262.2 0.486902
80317.2 0.487472
80381.2 0.485763
80433.8 0.486333
80482.5 0.486902
80532.5 0.48861
80584.4 0.48861
80637.6 0.48861
80684.9 0.48861
80741.2 0.48918
80799.5 0.48918
80862.2 0.48918
80924 0.48918
80988 0.489749
81046.7 0.489749
81103 0.489749
81155.7 0.489749
81210.3 0.489749
81263.3 0.489749
81350.7 0.489749
81405.8 0.489749
81484.2 0.489749
81559.8 0.489749
81634.4 0.489749
81712.6 0.490888
81791 0.490319
81874.9 0.490319
81952.6 0.490888
82023.3 0.490888
82096.8 0.493166
82173.1 0.493736
82255.2 0.493166
82317.3 0.494305
82381.7 0.494305
82461.9 0.494305
82534.9 0.494305
82593 0.494305
82666.6 0.494305
82732.3 0.494875
82789.5 0.494875
82847.7 0.494875
82907.4 0.495444
82967.9 0.495444
83024.4 0.495444
83078.6 0.494305
83133 0.494305
83199.9 0.494305
83266.4 0.494305
83332.9 0.494305
83401.1 0.494875
83460.8 0.494305
83523.1 0.494305
83592.3 0.494875
83658.4 0.495444
83710.6 0.495444
83788.6 0.496014
83884.7 0.496014
83978.3 0.497153
84059.3 0.497153
84127.4 0.497153
84183.9 0.497153
84238.6 0.497153
84292.1 0.497153
84344.9 0.497153
84394.6 0.497153
84450.1 0.497153
84500.8 0.496583
84559.8 0.496583
84614 0.496583
84670.4 0.496583
84724.6 0.496583
84783.4 0.497153
84842.4 0.497153
84893.7 0.497153
84954.5 0.496583
85007.9 0.496583
85063.2 0.496583
85117.9 0.496583
85171.8 0.496583
85222.3 0.496014
85281 0.496014
85337.9 0.496014
85392.6 0.496014
85447.2 0.497722
85501.6 0.497722
85556 0.497722
85616.7 0.496583
85673.9 0.496583
85733.7 0.497153
85792.5 0.498292
85845.2 0.498292
85900.4 0.498292
85959.9 0.498292
86016.7 0.498292
86078.4 0.498292
86138.6 0.499431
86195.9 0.499431
86251.8 0.498292
86311.6 0.498292
86372.9 0.498292
86437.1 0.499431
86487.8 0.499431
86542 0.499431
86606.3 0.498861
86657.4 0.499431
86705.6 0.499431
86767.7 0.499431
86816.8 0.499431
86888 0.5
86941.9 0.5
86992.8 0.5
87059.4 0.500569
87113.7 0.500569
87182.9 0.5
87235.1 0.5
87285.5 0.499431
87336.8 0.499431
87388.3 0.499431
87439.8 0.5
87502.4 0.5
87556.4 0.5
87628.6 0.500569
87689.1 0.500569
87749.8 0.500569
87809.3 0.5
87867.9 0.499431
87917.4 0.499431
87969.3 0.498861
88025.3 0.5
88076.8 0.499431
88140.2 0.499431
88198.5 0.500569
88262 0.502278
88321.1 0.502278
88394.9 0.502278
88527.1 0.501139
88653.3 0.501139
88775.1 0.501139
88899.2 0.501139
88963.3 0.502278
89012.7 0.503417
89068.2 0.503417
89119.5 0.503417
89167.8 0.503417
89218.5 0.503417
89262.3 0.503986
89306.4 0.503417
89362.3 0.503417
89413 0.503986
89459.6 0.503986
89517 0.503986
89574.9 0.503986
89632.2 0.504556
89686.5 0.504556
89751 0.505125
