time accuracy
11.5384 0.0505913
22.6674 0.0854139
31.0961 0.130749
36.5026 0.167543
39.8022 0.207622
44.0279 0.225361
49.4818 0.250329
53.7764 0.272011
57.8382 0.288436
65.1392 0.306833
69.3787 0.3318
74.6948 0.351511
78.0719 0.377135
81.4869 0.38502
85.779 0.394875
93.2905 0.424442
99.8632 0.431669
105.222 0.444809
112.173 0.463206
121.493 0.461892
129.527 0.471091
141.671 0.476347
154.994 0.484888
159.73 0.488173
164.484 0.498686
168.408 0.507884
172.567 0.509198
176.323 0.514455
181.529 0.524967
187.459 0.540079
192.583 0.540736
197.735 0.549277
202.142 0.554534
207.326 0.553219
212.416 0.555191
217.898 0.558476
221.758 0.563732
225.615 0.56636
229.52 0.568331
234.677 0.576216
239.466 0.570959
245.099 0.57753
251.444 0.580815
260.137 0.590013
265.815 0.593955
271.481 0.59724
276.967 0.601183
294.899 0.599869
299.544 0.599869
304.362 0.605125
308.842 0.60841
313.627 0.612352
319.149 0.618265
323.861 0.623522
332.14 0.622208
340.376 0.628778
350.646 0.625493
363.149 0.633377
372.37 0.633377
383.762 0.634034
396.773 0.637319
406.844 0.645861
414.095 0.646518
419.178 0.644547
424.196 0.64389
429.781 0.643233
435.237 0.647832
440.622 0.651774
446.126 0.652431
451.352 0.654402
456.615 0.653088
462.056 0.653088
467.191 0.653745
472.654 0.653088
482.09 0.651774
492.176 0.649803
501.164 0.647175
510.39 0.646518
519.002 0.647832
528.212 0.647832
538.106 0.655059
546.428 0.655716
555.674 0.658344
561.259 0.659001
567.596 0.664915
577.998 0.666229
585.728 0.664258
592.053 0.662286
597.164 0.664915
602.399 0.666886
607.45 0.6682
612.963 0.672142
619.315 0.67477
625.058 0.674113
629.614 0.674113
635.764 0.674113
641.02 0.677398
646.547 0.678055
652.41 0.675427
657.509 0.674113
662.637 0.675427
668.927 0.67477
674.304 0.676741
680.97 0.678712
687.887 0.678712
698.464 0.676741
709.561 0.676084
714.631 0.673456
719.942 0.673456
725.561 0.672799
733.454 0.67477
744.413 0.672799
756.555 0.674113
762.656 0.67477
778.24 0.676741
782.87 0.678712
787.942 0.678712
793.576 0.678712
805.393 0.68134
809.417 0.683311
816.021 0.685283
824.345 0.688568
836.124 0.687254
841.809 0.686597
847.808 0.691196
852.807 0.688568
857.812 0.689882
868.982 0.689882
874.735 0.691196
880.858 0.690539
886.397 0.691853
891.738 0.691196
897.256 0.690539
902.708 0.690539
911.62 0.690539
920.271 0.687254
927.95 0.687911
933.132 0.689882
937.569 0.689882
942.088 0.693824
945.813 0.69251
954.628 0.693167
964.353 0.689882
969.802 0.689225
978.789 0.687911
987.915 0.687911
994 0.688568
999.167 0.690539
1005.63 0.693824
1010.94 0.693167
1016.38 0.694481
1021.41 0.694481
1027.04 0.695138
1031.43 0.697766
1037.07 0.697766
1042.76 0.697109
1047.77 0.697766
1052.8 0.697766
1057.48 0.699737
1061.34 0.699737
1065.59 0.699737
1069.66 0.699737
1073.46 0.696452
1078.16 0.695795
1081.91 0.695795
1085.69 0.695795
1098.16 0.695795
1103.28 0.695795
1108.02 0.695795
1112.73 0.697766
1127.77 0.697766
1143.83 0.697109
1148.32 0.697766
1152.05 0.697109
1157.03 0.697109
1161.62 0.697766
1165.79 0.695138
1171.47 0.693167
1176.57 0.697109
1180.77 0.697766
1184.82 0.695795
1191.4 0.696452
1197.47 0.696452
1203.38 0.697109
1209.1 0.696452
1219.45 0.695795
1232.3 0.69908
1236.26 0.698423
1240.09 0.69908
1243.92 0.700394
1247.63 0.700394
1251.32 0.700394
1255.04 0.700394
1259.02 0.700394
1262.72 0.700394
1265.98 0.699737
1270.77 0.701708
1277.34 0.701051
1284.82 0.701708
1292.21 0.703679
1299.2 0.70565
1314.62 0.70565
1326.24 0.704336
1332.37 0.703679
1338.66 0.70565
1353.5 0.70565
1358.32 0.704336
1366.22 0.704993
1373.76 0.70565
1385.5 0.70565
1396 0.707622
1406.94 0.707622
1412.55 0.706965
1417.65 0.706965
1422.8 0.704993
1427.97 0.704336
1444.66 0.703679
1458.59 0.706307
1475.25 0.706307
1494.4 0.706307
1511.95 0.706307
1530.69 0.704993
1534.01 0.704336
1538.42 0.707622
1554.09 0.706307
1557.41 0.707622
1565.6 0.707622
1569.25 0.708936
1572.78 0.71025
1576.86 0.71025
1586.64 0.71025
1593.77 0.71025
1602.05 0.71025
1609.1 0.71025
1621 0.71025
1629.32 0.71025
1644.28 0.71025
1647.56 0.710907
1650.97 0.71025
1655.85 0.71025
1659.82 0.71025
1663.36 0.71025
1666.56 0.709593
1671.45 0.709593
1676.35 0.709593
1680.15 0.708936
1687.61 0.708936
1694.49 0.708936
1698.98 0.71025
1709.88 0.710907
1716.86 0.71025
1729.94 0.71025
1738.4 0.71025
1747.21 0.71025
1756.31 0.708936
1765.35 0.709593
1774.92 0.709593
1782.65 0.71025
1790.91 0.71025
1798.04 0.71025
1806.17 0.710907
1817.74 0.712878
1821.49 0.712878
1825.41 0.714192
1829.26 0.714192
1833.24 0.714192
1837.73 0.714192
1841.57 0.714192
1845.47 0.714192
1854.41 0.714192
1866.6 0.714849
1879.25 0.714849
1884.82 0.713535
1890.58 0.713535
1899.75 0.713535
1908 0.713535
1919.67 0.713535
1931.41 0.713535
1941.91 0.713535
1947.08 0.712878
1959.9 0.712878
1970.55 0.712221
1978.4 0.712221
1983.82 0.712221
1992.81 0.712221
2001.48 0.714192
2007.09 0.714192
2012.8 0.714192
2020.18 0.714192
2027.79 0.712878
2034.74 0.712878
2042.27 0.712878
2047.9 0.712878
2051.48 0.712878
2055 0.712878
2058.81 0.712878
2066.51 0.714192
2077.81 0.712221
2087.87 0.712221
2097.37 0.711564
2106.85 0.711564
2111.73 0.712878
2121.47 0.712878
2127.94 0.714849
2136.35 0.714849
2147.31 0.714849
2152.07 0.714849
2158.69 0.717477
2163.53 0.717477
2169.95 0.717477
2176.92 0.717477
2185.68 0.717477
2199.27 0.717477
2210.55 0.717477
2219.52 0.717477
2222.83 0.717477
2226.32 0.71682
2229.87 0.71682
2233.06 0.717477
2236.49 0.71682
2239.82 0.717477
2244.29 0.717477
2249.66 0.717477
2255.17 0.717477
2260.61 0.717477
2265.64 0.718134
2271.39 0.718134
2276.77 0.717477
2282.4 0.717477
2287.61 0.717477
2293.64 0.71682
2298.58 0.71682
2303.54 0.71682
2307.71 0.716163
2312.58 0.71682
2317.33 0.717477
2321.71 0.715506
2326.74 0.714849
2332.14 0.715506
2336.94 0.715506
2341.46 0.715506
2347.3 0.715506
2352.11 0.715506
2356.99 0.714192
2361.22 0.714192
2366.09 0.714192
2370.98 0.714192
2376.71 0.714192
2382.5 0.71682
2388.23 0.71682
2393.78 0.71682
2400.14 0.717477
2406.13 0.718134
2412.63 0.722733
2418.28 0.722733
2423.86 0.722733
2429.46 0.722733
2435.06 0.722076
2447.16 0.722076
2453.18 0.722076
2458.82 0.722733
2467.8 0.722733
2473 0.722733
2478.68 0.72339
2484.4 0.724047
2492.84 0.724047
2500.44 0.724047
2509.77 0.724047
2517.08 0.724047
2524.7 0.726018
2529.57 0.726018
2539.3 0.726018
2547.67 0.726018
2555.15 0.726018
2563.8 0.726018
2571.48 0.726018
2588.24 0.725361
2597.26 0.724704
2602.69 0.724704
2608.21 0.724704
2613.82 0.724704
2619.3 0.724704
2624.53 0.725361
2631.5 0.725361
2636.27 0.726675
2641.72 0.724704
2647.18 0.724047
2652.21 0.724047
2657.41 0.72339
2667.47 0.724047
2675.24 0.72339
2680.33 0.72339
2689.34 0.72339
2696.22 0.72339
2702.4 0.72339
2713.08 0.72339
2719.03 0.72339
2727.13 0.72339
2731.76 0.72339
2739.34 0.72339
2747.4 0.72339
2752.06 0.72339
2757.24 0.725361
2763.58 0.725361
2771.97 0.72339
2775.9 0.722733
2780.72 0.722733
2790.38 0.722733
2795.65 0.722733
2804.59 0.722733
2810.11 0.722733
2815.36 0.722076
2821.92 0.722733
2828.06 0.722733
2835.83 0.722733
2839.3 0.722733
2844.04 0.722076
2848.7 0.722076
2857.37 0.722076
2865.22 0.720762
2871.21 0.720762
2876.64 0.720762
2882.02 0.720762
2887.4 0.721419
2893.51 0.721419
2899.14 0.721419
2904.03 0.721419
2909.33 0.721419
2914.73 0.721419
2920.25 0.721419
2925.63 0.721419
2931.1 0.721419
2936.53 0.720762
2943.32 0.720762
2950.67 0.720762
2954.5 0.720105
2963.93 0.722076
2974.33 0.72339
2980.25 0.72339
2985.76 0.724047
2996.55 0.724047
3002.11 0.724047
3007.44 0.724047
3012.84 0.724047
3017.94 0.725361
3023.66 0.726018
3029.21 0.726018
3034.24 0.726018
3045.99 0.726018
3051.51 0.726018
3057.22 0.725361
3061.02 0.725361
3064.84 0.726018
3070.5 0.726018
3076.06 0.726018
3081.41 0.726018
3091.7 0.726018
3095.68 0.726018
3108.53 0.726675
3119.66 0.726675
3123.62 0.726675
3127.52 0.726675
3131.51 0.726675
3135.33 0.726675
3139.25 0.727989
3143.47 0.728647
3147.46 0.727989
3151.28 0.727989
3155.23 0.727332
3159.17 0.727332
3163.39 0.727332
3167.27 0.727332
3171.21 0.727332
3175 0.727332
3178.98 0.727332
3183.25 0.729304
3187.29 0.727989
3191.13 0.727989
3194.97 0.727989
3203.73 0.727989
3215.17 0.727989
3224.35 0.727989
3230.24 0.727989
3235.9 0.727989
3241.73 0.727989
3247.37 0.727989
3258.92 0.729961
3271.49 0.729304
3280.75 0.731275
3286.02 0.729961
3291.49 0.731275
3297.02 0.731275
3300.42 0.731275
3304.07 0.730618
3307.29 0.730618
3310.81 0.730618
3314.31 0.729304
3317.75 0.729304
3321.15 0.729304
3337.29 0.729304
3345.4 0.729304
3350.43 0.729304
3354.08 0.729304
3357.57 0.729304
3361.18 0.729961
3366.25 0.729961
3371.28 0.729961
3375.21 0.729961
3379.85 0.729961
3384.97 0.729961
3391.47 0.729961
3396.48 0.729961
3401.97 0.729961
3411.45 0.729961
3421.77 0.729961
3428.07 0.729961
3433.67 0.729961
3445.02 0.729961
3456.47 0.729961
3465.93 0.729961
3472.55 0.729961
3479.13 0.729961
3484.09 0.729961
3489.52 0.729961
3495.55 0.729961
3501.27 0.729961
3507.41 0.729961
3513.78 0.729961
3524.64 0.729961
3536.09 0.729961
3543.37 0.729961
3554.16 0.729961
3565.33 0.729961
3579.77 0.729961
3592.17 0.729961
3604.89 0.729304
3615.9 0.729304
3626.94 0.729304
3639.64 0.729304
3651.76 0.728647
3661.99 0.728647
3674.73 0.728647
3686.13 0.728647
3698.81 0.728647
3711.03 0.728647
3721 0.728647
3732.73 0.728647
3738.43 0.728647
3744.25 0.728647
3755.83 0.728647
3765.31 0.728647
3773.61 0.728647
3784.71 0.728647
3789.37 0.728647
3799.1 0.728647
3804.03 0.728647
3808.69 0.728647
3812.58 0.728647
3816.35 0.728647
3822.1 0.728647
3830.91 0.728647
3849.81 0.728647
3861.29 0.728647
3872.86 0.728647
3881.27 0.728647
3888.29 0.728647
3893.13 0.728647
3898.26 0.728647
3904.03 0.728647
3909.21 0.728647
3914.08 0.729304
3918.28 0.729304
3923.25 0.729304
3929.41 0.729304
3934.51 0.729304
3939.61 0.729304
3946.19 0.729304
3954.61 0.729304
3959.83 0.729304
3964.86 0.729304
3970.69 0.729304
3976.36 0.729304
3983.05 0.729304
3994.79 0.728647
4006.83 0.729961
4016.59 0.729961
4030.73 0.729961
4038.2 0.729961
4043.91 0.729961
4053.11 0.729961
4060.47 0.729961
4068.67 0.729961
4077.65 0.729961
4082.24 0.729961
4087.25 0.729961
4098.77 0.729961
4112.21 0.729304
4119.21 0.729304
4125.99 0.729304
4131.45 0.729304
4137.01 0.729304
4142.42 0.729304
4147.19 0.729304
4155.88 0.729304
4165.49 0.729304
4175.54 0.729304
4180.74 0.729304
4185.96 0.729304
4191.47 0.729304
4198.05 0.729304
4203.5 0.729304
4208.72 0.729304
4213.94 0.729304
4219.19 0.729304
4224.48 0.727989
4230.18 0.727989
4236.14 0.727989
4241.62 0.727989
4247.4 0.727989
4253.12 0.727989
4259.05 0.727989
4264.68 0.727989
4270.36 0.727989
4276.29 0.727989
4282.03 0.727989
4294.04 0.727989
4306.52 0.727989
4316.15 0.728647
4328.56 0.728647
4334.56 0.728647
4342.18 0.728647
4349.56 0.728647
4359.02 0.728647
4373.09 0.728647
4379.52 0.728647
4388.34 0.728647
4393.81 0.728647
4399.47 0.728647
4406.39 0.728647
4415.97 0.728647
4430.57 0.728647
4434.96 0.728647
4440.39 0.728647
4445.82 0.728647
4450.98 0.729304
4456.64 0.729304
4461.97 0.729304
4468.77 0.729304
4475.93 0.729304
4481.65 0.729304
4486.8 0.729304
4493.51 0.729304
4498.62 0.729304
4504.02 0.729304
4508.38 0.729304
4513.63 0.729304
4519.68 0.729304
4525.24 0.729304
4530.51 0.729304
4537.11 0.729304
4546.39 0.729304
4555.59 0.729304
4561.66 0.729304
4571.07 0.729304
4589.53 0.729304
4596.81 0.729304
4601.85 0.729304
4606.63 0.729304
4611.87 0.729304
4621.11 0.729304
4627.78 0.729304
4637.3 0.729304
4642.45 0.729304
4652.6 0.729304
4658.59 0.729304
4676.18 0.729304
4688.34 0.729304
4699.62 0.729304
4710.8 0.729304
4717.18 0.729304
4723.27 0.729304
4735.66 0.729304
4741.73 0.729304
4746.58 0.729304
4751.34 0.729304
4759.46 0.729304
4767.83 0.729304
4772.64 0.729304
4777.02 0.729304
4781.69 0.729304
4786.43 0.729304
4791.24 0.729304
4795.2 0.729304
4799.06 0.729304
4802.84 0.728647
4806.82 0.728647
4810.6 0.727332
4820.71 0.727332
4828.48 0.727332
4834.45 0.727332
4841.73 0.727989
4854.96 0.727989
4864.21 0.727989
4876.67 0.727989
4889.42 0.727989
4901.27 0.727989
4914.22 0.727989
4923.18 0.727989
4930.59 0.727989
4936.5 0.727989
4942.07 0.727989
4953.96 0.727989
4965.17 0.727989
4977.52 0.727989
4989.42 0.727989
5001.42 0.727989
5013.22 0.727989
5025.74 0.727989
5038.54 0.727989
5050.68 0.727989
5062.87 0.729304
5075.42 0.729304
5084.42 0.729304
5102.67 0.729304
5114.27 0.729304
5124.18 0.729304
5132.02 0.729304
5141.35 0.729304
5146.98 0.729304
5152.85 0.729304
5158.65 0.729304
5164.42 0.729304
5169.89 0.729304
5181.91 0.729304
5189.23 0.729304
5194.92 0.729304
5200.57 0.729304
5206.82 0.730618
5212.6 0.730618
5218.28 0.730618
5224.17 0.730618
5229.88 0.730618
5236.57 0.730618
5242.58 0.730618
5247.99 0.730618
5257.99 0.730618
5264.61 0.730618
5275.41 0.730618
5287.42 0.730618
5303.92 0.730618
5318.97 0.729961
5328.82 0.729961
5337.45 0.729961
5342.16 0.729961
5346.89 0.729961
5350.22 0.729961
5353.13 0.729961
5355.96 0.729961
5359.01 0.729961
5363.73 0.729961
5368.36 0.729961
5373.24 0.730618
5377.88 0.730618
5382.5 0.730618
5389.74 0.730618
5394.26 0.730618
5398.84 0.730618
5403.45 0.730618
5408.06 0.730618
5421.28 0.730618
5432.19 0.730618
5443.77 0.730618
5455.34 0.730618
5463.24 0.730618
5474.81 0.730618
5487.07 0.729961
5497.87 0.729961
5509.95 0.729961
5515.78 0.729961
5522.98 0.730618
5535.7 0.730618
5548.32 0.730618
5554.81 0.730618
5561.4 0.730618
5572.61 0.730618
5583.38 0.730618
5596.78 0.730618
5616.71 0.730618
5621.39 0.730618
5626.17 0.730618
5630.78 0.730618
5643.41 0.730618
5651.22 0.730618
5656.13 0.730618
5660.94 0.730618
5665.67 0.730618
5670.63 0.730618
5675.68 0.730618
5680.61 0.729304
5685.82 0.729304
5690.71 0.729304
5707.03 0.729304
5712.3 0.730618
5724.67 0.727332
5737.56 0.726675
5750.83 0.726675
5760.7 0.726675
5764.88 0.726675
5768.32 0.726675
5772.37 0.726675
5778.77 0.726675
5785.34 0.726675
5789.59 0.726675
5793.69 0.726675
5798.01 0.727332
5802.26 0.727332
5809.57 0.727332
5814.53 0.727332
5819.56 0.727332
5824.69 0.727332
5830 0.727332
5834.21 0.727332
5838.63 0.727332
5843.24 0.727332
5849.39 0.727332
5855.66 0.727332
5866.77 0.727332
5872.17 0.726675
5881.19 0.726675
5892.66 0.727332
5907.86 0.726675
5924.8 0.726675
5935.2 0.726675
5946.15 0.726675
5951.88 0.726675
5963.77 0.726675
5975.31 0.727332
5982.13 0.727332
5989.84 0.727332
5999.66 0.727332
6006.85 0.727332
6012.66 0.727332
6024.01 0.727332
6031.68 0.727332
6041.79 0.727332
6050.45 0.727989
6060.43 0.727989
6067.11 0.727989
6073.24 0.727989
6082.83 0.727332
6087.72 0.727332
6102.82 0.727332
6114.53 0.727332
6122.57 0.727332
6126.9 0.727989
6137.32 0.727989
6149.99 0.727989
6154.41 0.727989
6158.54 0.727989
6163.22 0.727989
6167.8 0.727989
6172.71 0.727989
6177.54 0.727989
6180.74 0.727989
6183.83 0.727989
6186.87 0.727989
6191.13 0.727989
6198.55 0.727332
6205.63 0.727332
6209.76 0.727332
6216.11 0.727332
6227.35 0.727332
6237.75 0.727332
6245.07 0.727332
6258.54 0.727332
6270.95 0.727332
6283.46 0.727332
6291.89 0.727332
6305.79 0.727332
6318.09 0.727332
6331.26 0.727332
6344.82 0.727332
6357.37 0.727332
6371.04 0.727332
6384.18 0.727332
6389.42 0.727332
6393.55 0.727332
6400.29 0.727332
6407.97 0.727332
6414.31 0.727332
6420.42 0.727332
6425.73 0.727332
6431.22 0.727332
6436.7 0.727332
6448.82 0.727332
6454.36 0.727332
6460.16 0.727332
6465.97 0.727332
6471.93 0.727332
6476.93 0.727332
6482.36 0.727332
6489.16 0.727332
6496 0.727332
6501.09 0.727332
6506.28 0.727332
6511.69 0.727332
6518.05 0.727332
6523.26 0.727332
6528.67 0.727332
6534.05 0.727332
6539.62 0.726018
6544.95 0.726018
6550.44 0.726018
6555.75 0.726018
6561.24 0.726018
6572.38 0.726018
6580.39 0.726018
6591.32 0.726018
6602.43 0.726018
6614.41 0.726018
6620.63 0.726018
6626.39 0.727332
6634.39 0.727332
6642.68 0.727332
6654 0.727332
6658.3 0.727332
6668.8 0.727332
6675.77 0.727332
6682.13 0.728647
6688.43 0.728647
6693.93 0.728647
6699.51 0.728647
6704.9 0.728647
6711.43 0.728647
6717.27 0.728647
6723.48 0.728647
6729.19 0.728647
6735.32 0.729304
6739.87 0.729304
6746.88 0.729304
6753.12 0.729304
6757.83 0.729304
6766.9 0.729304
6778.82 0.729304
6783.92 0.729304
6796.26 0.730618
6807.39 0.730618
6818.87 0.730618
6824.05 0.730618
6829.37 0.730618
6834.17 0.730618
6841.18 0.730618
6844.59 0.730618
6849.25 0.730618
6863.97 0.730618
6872.06 0.730618
6879.47 0.730618
6884.92 0.730618
6891.3 0.730618
6898.36 0.730618
6905.3 0.730618
6911.12 0.730618
6917.59 0.730618
6925.9 0.730618
6929.35 0.730618
6935.26 0.730618
6947.36 0.730618
6955.85 0.730618
6963.36 0.730618
6969.45 0.730618
6974.54 0.730618
6982.55 0.730618
6989.26 0.730618
6995.73 0.730618
7003.23 0.730618
7006.46 0.730618
7011.86 0.730618
7017.09 0.730618
7022.28 0.730618
7027.47 0.730618
7034.13 0.730618
7039.16 0.730618
7044.91 0.730618
7051.44 0.730618
7057.16 0.730618
7068.98 0.730618
7079.1 0.730618
7090.61 0.730618
7095.95 0.730618
7101.37 0.730618
7108.94 0.731932
7116.39 0.731932
7123.67 0.731932
7134.46 0.731932
7146.12 0.731932
7155.38 0.731932
7164.36 0.731275
7170.11 0.731275
7175.51 0.731275
7188.29 0.731275
7200.18 0.731275
7212.23 0.731275
7218.93 0.731275
7234.29 0.731275
7253.83 0.729961
7265.31 0.729961
7271.79 0.729961
7277.83 0.731275
7285.9 0.731275
7297.75 0.731275
7302.81 0.731275
7309.57 0.731275
7316.05 0.729961
7323.71 0.729961
7334.92 0.729961
7346.98 0.729961
7360.44 0.729304
7371.81 0.729304
7380.79 0.729304
7388.03 0.729304
7397.81 0.729304
7406.52 0.729304
7414.73 0.729961
7421.67 0.729961
7430.52 0.729961
7441.51 0.729304
7452.25 0.729304
7458.63 0.729961
7464.92 0.729961
7476.44 0.729961
7488.4 0.729961
7494.71 0.728647
7500.11 0.728647
7511.89 0.728647
7519.35 0.728647
7525.49 0.728647
7534.07 0.728647
7543.97 0.728647
7549.38 0.728647
7554.36 0.728647
7560.23 0.728647
7565.58 0.728647
7576.1 0.728647
7583.06 0.728647
7588.3 0.728647
7595.11 0.728647
7608.34 0.729304
7624.76 0.729304
7630.18 0.729304
7640.33 0.729304
7653.27 0.728647
7670.27 0.728647
7687.67 0.728647
7703.9 0.728647
7709.89 0.729304
7715.96 0.729304
7721.9 0.728647
7727.53 0.729304
7744.27 0.729304
7762.53 0.729304
7780.64 0.729304
7797.6 0.729304
7812.74 0.729304
7831.67 0.729304
7836.97 0.729304
7842 0.729304
7846.98 0.729304
7851.06 0.729961
7856.47 0.729961
7862.47 0.729961
7867.43 0.729961
7875.45 0.729304
7887.54 0.729304
7898.39 0.729304
7910.45 0.729304
7920.44 0.729304
7939.87 0.729304
7945.63 0.729304
7951.27 0.729304
7962.17 0.729304
7975.65 0.729304
7981.06 0.729304
7986.46 0.729304
7992.16 0.729304
7997.64 0.729304
8003.43 0.729304
8014.74 0.729961
8026.88 0.729961
8034.33 0.729961
8041.15 0.729961
8051.92 0.729961
8056.85 0.729961
8061.1 0.729961
8066.13 0.729961
8071 0.729961
8075.93 0.729961
8081.37 0.729961
8099.02 0.729961
8103.99 0.729961
8109.16 0.729961
8114.25 0.728647
8130.81 0.728647
8138.43 0.728647
8150.09 0.728647
8154.51 0.728647
8159.53 0.728647
8164.25 0.728647
8169.23 0.728647
8174.85 0.728647
8179.92 0.728647
8185.33 0.728647
8197.31 0.728647
8201.28 0.728647
8206.05 0.728647
8211.95 0.728647
8230.03 0.728647
8247.44 0.728647
8264.36 0.728647
8272.3 0.728647
8277.29 0.728647
8282.9 0.728647
8289.43 0.728647
8295.15 0.728647
8300.22 0.728647
8305.53 0.728647
8309.49 0.728647
8314.71 0.728647
8321.93 0.728647
8337.42 0.728647
8342.38 0.728647
8348.07 0.728647
8365.58 0.728647
8372.4 0.728647
8378.44 0.728647
8385.55 0.728647
8392.73 0.728647
8401.35 0.728647
8408.3 0.728647
8413.07 0.728647
8420.59 0.729961
8426.21 0.729961
8431.35 0.729961
8437.19 0.729961
8442.89 0.729961
8448.37 0.729961
8453.85 0.729961
8459.43 0.729961
8479.28 0.729961
8486.69 0.729961
8494.32 0.729961
8501.67 0.729961
8508.84 0.729961
8514.36 0.729961
8520.08 0.729961
8525.88 0.729961
8535.7 0.729961
8543.11 0.729961
8548.72 0.729961
8558.52 0.729961
8564.02 0.729961
8568.87 0.729961
8574.49 0.729961
8579.94 0.729961
8585.43 0.729961
8591.1 0.729961
8599.07 0.729961
8611.14 0.729961
8624.54 0.729961
8637.12 0.729961
8647.3 0.729961
8665.11 0.729961
8673.07 0.729961
8690.65 0.729961
8703.67 0.729961
8716.4 0.729961
8729.62 0.729961
8742.42 0.729961
8755.72 0.729961
8770.84 0.729961
8782.06 0.729961
8791.03 0.729961
8803.45 0.729961
8811.19 0.729961
8814.65 0.729961
8817.91 0.729961
8821.48 0.731275
8825.16 0.731275
8828.48 0.731275
8831.92 0.731275
8835.35 0.731275
8838.98 0.731275
8842.5 0.731275
8846.07 0.731275
8849.45 0.731275
8853 0.731275
8856.31 0.731275
8859.61 0.731275
8863.06 0.731275
8866.62 0.731275
8869.89 0.731275
8873.54 0.731275
8877.05 0.731275
8881.7 0.731275
8886.18 0.731275
8897.16 0.731275
8902.19 0.731275
8908.8 0.731275
8915.42 0.731932
8923.16 0.731932
8928.14 0.731932
8937.27 0.731932
8948.5 0.731932
8960.35 0.731932
8968.24 0.731932
8979.62 0.731932
8989.74 0.731932
9004.63 0.731932
9020.63 0.731932
9028.2 0.731932
9045.74 0.731932
9050.72 0.731932
9056.93 0.729961
9064.13 0.729961
9069.61 0.729961
9075.17 0.729961
9087.21 0.729961
9092.63 0.729961
9097.83 0.729961
9101.41 0.729961
9104.73 0.729961
9107.97 0.729961
9111.63 0.729961
9122.16 0.729304
9133.63 0.729304
9140.04 0.729304
9152.59 0.729304
9165.04 0.729304
9176.16 0.729304
9185.99 0.729961
9199.39 0.729961
9205.06 0.729304
9210.51 0.729304
9216.33 0.729304
9230.67 0.729961
9242.26 0.729961
9251.37 0.729961
9262.63 0.729961
9274.19 0.729961
9285.92 0.729961
9296.38 0.731932
9304.5 0.731932
9316.24 0.731932
9325.32 0.731932
9330.68 0.731932
9335.06 0.731932
9341.01 0.731932
9346.48 0.731932
9351.69 0.731932
9356.89 0.731932
9362.42 0.731932
9380.56 0.731932
9386.05 0.731932
9392.45 0.731932
9398.65 0.731932
9404.37 0.731275
9410.49 0.731275
9416.09 0.731275
9422.02 0.731275
9428.02 0.731275
9445.43 0.731275
9450.63 0.731275
9459.97 0.731275
9467.17 0.731275
9472.74 0.731275
9484.26 0.731275
9493.31 0.731275
9504.5 0.731275
9508.78 0.731275
9515.44 0.731275
9520.49 0.731275
9527.49 0.731275
9534.2 0.731275
9540.63 0.731275
9547.44 0.731275
9552.32 0.731275
9559.09 0.731275
9565.95 0.730618
9573.32 0.730618
9580.39 0.730618
9585.94 0.731275
9593.65 0.731275
9600.46 0.731275
9606.92 0.729304
9614.08 0.729304
9619.57 0.729304
9626.58 0.729304
9633.48 0.729304
9640.49 0.729304
9647.88 0.729304
9652.07 0.728647
9657.34 0.728647
9662.75 0.728647
9667.66 0.728647
9672.97 0.728647
9678.04 0.728647
9683.12 0.728647
9688.05 0.728647
9693.15 0.728647
9697.63 0.728647
9702.52 0.728647
9718.86 0.728647
9738.87 0.728647
9755.38 0.728647
9772.66 0.728647
9787.89 0.728647
9799.16 0.728647
9805.87 0.728647
9813.1 0.728647
9818.55 0.728647
9824.3 0.728647
9829.47 0.728647
9836.2 0.728647
9846.59 0.729304
9854.43 0.729304
9861.91 0.729304
9870.02 0.729304
9877.79 0.729304
9885.01 0.729304
9891.42 0.729304
9896.3 0.729304
9901.35 0.729304
9905.67 0.729304
9910.43 0.729304
9914.95 0.729304
9919.96 0.729304
9928.34 0.729304
9933.4 0.729304
9938.82 0.729304
9944.11 0.729304
9949.95 0.729304
9955.43 0.729304
9961.32 0.729304
9966.63 0.729304
9972.13 0.729304
9977.87 0.729304
9983.6 0.729304
9989.18 0.729304
10002.8 0.729304
10015.3 0.729304
10036.3 0.729304
10054.8 0.729304
10075.5 0.729304
10093.6 0.729304
10114 0.729304
10133.4 0.729304
10151.4 0.729304
10171.8 0.729304
10191.9 0.729304
10210.1 0.729304
10229.7 0.729304
10241 0.729304
10249.9 0.729304
10260.6 0.729304
10268 0.729304
10281.2 0.729304
10293.8 0.729304
10304.6 0.729304
10316.3 0.729304
10326.6 0.729304
10339.8 0.729304
10352.1 0.729304
10361 0.729304
10372.6 0.729304
10383.7 0.729304
10396.9 0.729304
10408.8 0.729304
10418.2 0.729304
10429.7 0.729304
10441.4 0.729304
10456.9 0.729304
10468.5 0.729304
10477 0.729304
10485.2 0.729304
10495.3 0.729304
10504.5 0.726675
10515.3 0.726675
10524.2 0.726675
10535.8 0.726675
10547.6 0.726675
10563.3 0.726675
10573.7 0.726675
10583.1 0.726675
10594.7 0.726675
10606.3 0.726675
10614.7 0.726675
10624.9 0.726675
10634.2 0.727989
10646.2 0.727989
10653.8 0.729961
10665.4 0.729961
10677.3 0.729961
10686.4 0.729961
10696.4 0.729961
10707.7 0.729961
10715.6 0.729961
10726.4 0.729961
10737.9 0.728647
10751.3 0.728647
10763.3 0.727989
10772.6 0.727989
10784.4 0.726675
10793.2 0.725361
10802.9 0.725361
10811.8 0.725361
10821.3 0.725361
10830.2 0.725361
10839.4 0.725361
10847.5 0.725361
10856.3 0.725361
10864.3 0.725361
10872.4 0.725361
10880.5 0.725361
10889.7 0.725361
10899 0.725361
10908.5 0.725361
10917.3 0.725361
10926.8 0.725361
10935.7 0.725361
10944.8 0.725361
10953.5 0.726675
10962.1 0.726675
10971.4 0.726675
10980.5 0.726675
10988.9 0.726675
10999.7 0.727332
11007.3 0.727332
11018.4 0.727332
11026.5 0.727332
11036.2 0.727332
11046.2 0.727332
11055.8 0.727332
11065.3 0.727332
11074.8 0.727332
11084.5 0.727332
11093.6 0.727332
11101.7 0.726675
11110.8 0.726675
11119.7 0.726675
11130.9 0.726675
11138.7 0.726675
11147.9 0.726675
11158.4 0.726675
11166.5 0.726675
11176.5 0.726675
11186.8 0.726675
11194.7 0.726675
11202.7 0.726675
11210.7 0.726675
11219.3 0.726675
11230.5 0.726675
11236.9 0.726675
11243.7 0.726675
11254.9 0.726675
11266.9 0.726675
11277.9 0.726675
11284.2 0.726675
11292.4 0.726675
11304.6 0.726675
11316.8 0.726675
11322.9 0.726675
11329 0.726675
11341.5 0.726675
11353.8 0.726675
11364 0.726675
11370.2 0.726675
11381.4 0.725361
11392.9 0.725361
11404.5 0.725361
11411.3 0.725361
11418.3 0.725361
11431.1 0.725361
11442.6 0.725361
11449.3 0.725361
11456.1 0.725361
11468.8 0.725361
11481.4 0.725361
11493.4 0.726675
11499.4 0.726675
11507.8 0.726675
11519.2 0.726675
11532 0.726675
11538.6 0.726675
11545.3 0.726675
11557.1 0.726675
11568.8 0.726675
11578.8 0.726675
11585.5 0.726675
11596.7 0.726675
11609.6 0.726675
11622.1 0.726675
11628.6 0.726675
11633.9 0.726675
11646.6 0.726675
11659 0.726675
11663.9 0.726675
11669.3 0.726675
11674.8 0.726675
11680 0.726675
11687 0.726675
11692.4 0.726675
11697.6 0.726675
11702.9 0.726675
11707.9 0.726675
11713.1 0.726675
11718.5 0.726675
11723.5 0.726675
11729 0.726675
11735.3 0.726675
11740.4 0.726675
11745.6 0.726675
11751.1 0.726675
11756 0.726675
11761.3 0.726675
11766.6 0.726675
11771.8 0.726675
11777 0.726675
11782.2 0.726675
11787.2 0.726675
11792.6 0.726675
11798 0.726675
11803.5 0.726675
11809.4 0.726675
11815.4 0.726675
11821.9 0.726675
11828.4 0.726675
11835 0.726675
11840.1 0.726675
11846.7 0.726675
11853.4 0.726675
11859.5 0.726675
11866 0.726675
11872.8 0.726675
11879.1 0.726675
11885.8 0.726675
11895.9 0.726675
11906.7 0.726675
11915.3 0.726675
11925.8 0.726675
11934.6 0.726675
11945.2 0.726675
11954.8 0.726675
11963.1 0.726675
11972.8 0.726675
11983.4 0.726675
11996 0.726675
12006.1 0.726675
12012.4 0.726675
12017.8 0.726675
12031.6 0.726675
12043.6 0.726675
12054.8 0.726675
12063 0.726675
12069.1 0.726675
12078.9 0.726675
12087.5 0.726675
12098 0.726675
12109.4 0.726675
12117.8 0.726675
12127 0.726675
12134.4 0.726675
12144.4 0.726675
12152.7 0.726675
12161.5 0.726675
12169.9 0.727332
12179.5 0.727332
12188.3 0.727332
12197 0.727332
12205.7 0.727332
12212.6 0.727332
12221 0.727332
12229.5 0.727332
12238 0.727332
12248.4 0.727332
12255 0.727332
12262.2 0.727332
12269.4 0.727332
12278.6 0.727332
12285.7 0.727332
12291.8 0.727332
12300.6 0.727332
12308.4 0.727332
12316.9 0.727332
12326 0.727332
12331.9 0.727332
12340.5 0.727332
12347.9 0.727332
12356.2 0.727332
12366.2 0.727332
12372.9 0.727332
12384.4 0.727332
12396 0.727332
12407 0.727332
12415.8 0.727332
12424.1 0.727332
12439.2 0.727332
12450.8 0.727332
12456.3 0.727332
12464.6 0.727332
12476.5 0.727332
12488.7 0.727332
12500.4 0.727332
12510.4 0.727332
12523.5 0.727332
12535.5 0.727332
12547 0.727332
12559.2 0.727332
12571.2 0.727332
12586.9 0.727332
12599.5 0.727332
12609 0.727332
12621 0.727332
12633.6 0.727332
12645.7 0.727332
12658.8 0.727332
12669.1 0.727332
12682.4 0.727332
12694.4 0.727332
12704.5 0.727332
12715.9 0.727332
12727.4 0.727332
12742.9 0.727332
12754.9 0.727332
12763.3 0.727332
12775.1 0.727332
12787.8 0.727332
12801.2 0.727332
12813.5 0.727332
12823.3 0.727332
12835.1 0.727332
12846.8 0.727332
12860.3 0.727332
12872.5 0.727332
12884 0.727332
12899.3 0.727332
12910.6 0.727332
12921.4 0.727332
12933.8 0.727332
12945.2 0.727332
12958.9 0.727332
12969.2 0.727332
12974.3 0.727332
12986.2 0.727332
12997.9 0.727332
13009.3 0.727332
13017.8 0.727332
13028 0.727332
13042.4 0.726675
13051.9 0.726675
13056.8 0.726675
13068.7 0.726675
13079.7 0.726675
13091.1 0.726675
13099.3 0.726675
13107.4 0.726675
13119.8 0.724704
13131.8 0.72339
13139.5 0.72339
13151.8 0.72339
13162.4 0.72339
13175.9 0.72339
13183.3 0.72339
13192.3 0.72339
13204.2 0.724704
13215.6 0.724704
13224.5 0.724704
13236.6 0.724704
13245.1 0.724704
13256.5 0.724704
13264.9 0.724704
13279.2 0.724704
13290.5 0.724704
13300.5 0.724704
13309.7 0.724704
13321.8 0.724704
13330.8 0.724704
13342.8 0.724704
13350.1 0.724704
13362 0.724704
13373.8 0.724704
13382.4 0.724704
13394.2 0.724704
13407 0.724704
13420.4 0.724704
13432.4 0.724704
13442.9 0.724704
13455.7 0.724704
13467.8 0.724704
13478.9 0.724704
13490.6 0.724704
13501.8 0.724704
13515.6 0.724704
13527.9 0.724704
13536.8 0.724704
13548.7 0.724704
13561.2 0.724704
13576.1 0.724704
13588.3 0.724704
13598.8 0.724704
13611.8 0.724704
13622.2 0.724704
13629.5 0.724704
13638.8 0.724704
13646.9 0.724704
13658.3 0.724704
13668.1 0.724704
13673.9 0.724704
13682.3 0.724704
13692.9 0.724704
13702.3 0.724704
13711.8 0.724704
13718.8 0.724704
13732.8 0.724704
13744.4 0.724704
13756 0.724704
13764.9 0.724704
13773.4 0.724704
13783.8 0.725361
13794.4 0.725361
13800.5 0.725361
13809.3 0.726018
13818.1 0.726018
13825.8 0.726018
13833.9 0.726018
13841.7 0.726018
13850.1 0.726018
13858.4 0.726018
13866.4 0.726018
13874.5 0.726018
13881.4 0.726018
13889.2 0.726018
13898.2 0.726018
13904.9 0.726018
13912.9 0.726018
13920.1 0.726018
13928 0.726018
13935.7 0.726018
13946.4 0.726018
13956.3 0.726018
13964.6 0.726018
13971.3 0.726018
13980.5 0.726018
13988.8 0.726018
13997.6 0.726018
14004.2 0.726018
14012.9 0.726018
14022.4 0.726018
14031.9 0.726018
14040.1 0.726018
14047.2 0.726018
14055.2 0.726018
14063.3 0.726018
14072.4 0.726018
14079.8 0.726018
14087.7 0.726018
14094.9 0.727989
14103.5 0.727989
14114.1 0.727989
14120.8 0.727989
14129.7 0.727989
14136.9 0.727989
14147 0.727989
14155.6 0.727989
14163.7 0.727989
14172.4 0.727989
14181.7 0.727989
14190.1 0.727989
14197.5 0.727989
14205.6 0.727989
14214.8 0.727989
14223 0.727989
14232.3 0.727989
14238.8 0.727989
14247.8 0.727989
14257.9 0.727989
14264.5 0.727989
14272.8 0.727989
14282.2 0.727989
14291.2 0.727989
14300.5 0.727989
14309 0.727989
14318.7 0.727989
14327.2 0.727989
14334 0.727989
14341.6 0.727989
14350.1 0.727989
14361.4 0.727989
14368.4 0.727989
14375.9 0.727989
14386.3 0.727989
14395.8 0.727989
14403.1 0.727989
14409.6 0.727989
14414.9 0.727989
14423.8 0.727989
14432.8 0.727989
14444.2 0.727989
14452.6 0.727989
14460.2 0.727989
14470.6 0.727989
14478.2 0.727989
14485.3 0.727989
14489.9 0.727989
14495.3 0.727989
14501.3 0.727989
14505.6 0.727989
14511.6 0.727989
14516.5 0.727989
14521.5 0.727989
14527 0.727989
14532.1 0.727989
14537.3 0.727989
14542.6 0.727989
14548.6 0.727989
14554.1 0.727989
14559.9 0.727989
14565.5 0.727989
14572 0.727989
14577.3 0.727989
14582.1 0.727989
14587.5 0.727989
14593.9 0.727989
14598.8 0.727989
14604.4 0.727989
14611.6 0.727989
14620.9 0.727989
14625.9 0.727989
14634.8 0.727989
14640.4 0.727989
14644.9 0.727989
14651 0.727989
14656.1 0.727989
14661.9 0.727989
14667 0.727989
14672.3 0.727989
14678.4 0.727989
14683 0.727989
14687.7 0.727989
14695.9 0.727989
14705.9 0.727989
14714.4 0.727989
14725.7 0.727989
14734.7 0.727989
14741.3 0.727989
14750.6 0.727989
14758.6 0.727989
14767.5 0.727989
14776.1 0.727989
14784.1 0.727989
14793.5 0.727989
14799.8 0.727989
14805.1 0.727989
14815.1 0.727989
14824.9 0.727989
14833.7 0.727989
14839.3 0.727989
14844.2 0.727989
14854.3 0.727989
14864.5 0.727989
14870.9 0.727989
14876.1 0.727989
14881.6 0.727989
14889.1 0.727989
14896.1 0.727989
14902.4 0.727989
14907.8 0.727989
14912 0.727989
14916.2 0.727989
14923 0.727989
14931.1 0.727989
14939.3 0.727989
14945.3 0.727989
14950 0.727989
14955.7 0.727989
14963 0.727989
14969.8 0.727989
14976.7 0.727989
14983.2 0.727989
14987.6 0.727989
14992.4 0.727989
15002.2 0.727332
15008.8 0.727332
15016.8 0.727332
15023.4 0.727332
15030.2 0.727332
15038.4 0.727332
15046.4 0.727332
15053.8 0.727332
15061.9 0.727332
15069 0.727332
15075.2 0.727332
15084.9 0.727332
15094.6 0.727332
15106 0.727332
15121.3 0.727332
15133.2 0.727332
15143.2 0.727332
15154.3 0.727332
15162 0.727332
15171.5 0.727332
15181.1 0.727332
15193 0.727332
15202.3 0.727332
15208 0.727332
15217.2 0.727332
15225 0.727332
15233.1 0.727332
15241.2 0.727332
15249.2 0.727332
15257.3 0.727332
15265.1 0.727332
15273 0.727332
15281.3 0.727332
15289.2 0.727332
15297.5 0.727332
15305.4 0.727332
15313.8 0.727332
15322.1 0.727332
15330 0.727332
15338.1 0.727332
15345.9 0.727332
15354.3 0.727332
15362.4 0.727332
15370.3 0.727332
15378.3 0.727332
15389.1 0.727332
15402.1 0.727332
15414.7 0.727332
15426.9 0.727332
15436 0.727332
15441.8 0.727332
15449.5 0.727332
15457.1 0.727332
15466.8 0.727332
15474.9 0.727332
15482.4 0.727332
15490.4 0.727332
15496.1 0.727332
15504.4 0.727332
15511.9 0.727332
15522.5 0.727332
15530.7 0.727332
15536.1 0.727332
15543.8 0.727332
15551.8 0.727332
15560.5 0.727332
15569.5 0.727332
15579.8 0.727332
15588 0.727332
15593.4 0.727332
15602 0.727332
15608.8 0.727332
15618.1 0.727332
15626.3 0.727332
15635.6 0.727332
15644.4 0.727332
15650.6 0.727332
15658.5 0.727332
15665.9 0.727332
15676 0.727332
15684.2 0.727332
15691.2 0.727332
15699.7 0.727332
15706 0.727332
15714.1 0.727332
15722.3 0.727332
15732 0.727332
15740.9 0.727332
15747.3 0.727332
15754.8 0.727332
15763.6 0.727332
15773.2 0.727332
15780.5 0.727332
15787.4 0.727332
15803 0.727332
15811.8 0.727332
15820.2 0.727332
15828.2 0.727332
15835.8 0.727332
15845.3 0.727332
15852.5 0.727332
15861.2 0.727332
15868 0.727332
15875.4 0.727332
15881.6 0.727332
15888.6 0.727332
15897.5 0.727332
15905.4 0.727332
15912.9 0.727332
15920.6 0.727332
15927.7 0.727332
15941 0.727332
15952.7 0.727332
15961.8 0.727332
15974.4 0.727332
15985.1 0.727332
15995.1 0.727332
16007 0.727332
16019.1 0.727332
16031.4 0.727332
16043.7 0.727332
16050.3 0.727332
16058.3 0.727332
16065.2 0.727332
16072.3 0.727332
16078.9 0.727332
16086.1 0.727332
16094.6 0.727332
16101.7 0.727989
16112.2 0.727989
16119.5 0.727989
16127.6 0.727989
16134.7 0.727989
16142.5 0.728647
16150.5 0.728647
16157.4 0.728647
16164.4 0.728647
16172 0.728647
16179.4 0.728647
16186.9 0.728647
16194.9 0.728647
16202.5 0.728647
16210 0.728647
16217.4 0.728647
16224.2 0.728647
16232.5 0.728647
16241.1 0.728647
16249.3 0.728647
16257.8 0.728647
16265.8 0.728647
16273.9 0.728647
16282.7 0.727989
16290.7 0.727989
16298.5 0.727989
16305.9 0.727989
16313.7 0.727989
16320.7 0.727989
16328.5 0.727989
16335.8 0.727989
16341.3 0.727989
16350 0.727989
16355.7 0.727989
16363.4 0.727989
16370.3 0.727989
16377.5 0.727989
16387.7 0.727989
16401.1 0.727989
16416.1 0.727989
16434.9 0.727989
16453.3 0.727989
16471.5 0.727989
16490.5 0.727989
16509 0.727989
16528.8 0.727989
16547.1 0.727989
16562.1 0.727989
16578.7 0.727989
16596.5 0.727989
16616.2 0.727989
16636.3 0.727989
16654.4 0.727989
16673.9 0.726675
16690.6 0.726675
16706.3 0.726675
16725.2 0.726675
16746.2 0.726675
16763.6 0.72339
16784 0.72339
16802 0.72339
16822.2 0.724047
16842.6 0.724047
16859.1 0.724047
16877.4 0.724047
16895.7 0.724047
16911.9 0.724047
16933.3 0.724047
16950.9 0.724047
16960.8 0.724047
16967.6 0.724047
16975.4 0.724047
16982.8 0.724047
16990 0.724047
16997.5 0.724047
17004.9 0.724047
17013.4 0.724047
17019.4 0.724047
17028.8 0.724047
17034.3 0.724047
17043 0.724047
17049 0.724047
17059.2 0.724047
17072.7 0.724047
17084.3 0.724047
17101.1 0.724047
17119.6 0.724047
17136.4 0.724047
17154.5 0.724047
17174.6 0.724047
17192.4 0.724047
17211.1 0.724047
17228.5 0.724047
17247.6 0.724047
17265.8 0.724047
17281.2 0.724047
17301.7 0.724047
17321.3 0.724047
17336.3 0.724047
17356.2 0.724047
17363 0.724047
17375.4 0.724047
17387 0.724047
17393.6 0.724047
17402.2 0.724047
17414.8 0.724047
17421.2 0.724047
17427.9 0.724047
17439.6 0.724047
17451.6 0.724047
17458.5 0.724047
17467 0.724047
17478.6 0.724047
17485.4 0.724047
17491.9 0.724047
17503 0.724047
17515.6 0.72339
17522 0.72339
17528.7 0.72339
17541.2 0.72339
17552.4 0.72339
17568.1 0.72339
17579.6 0.72339
17587.9 0.72339
17599.9 0.72339
17609.4 0.72339
17620.8 0.72339
17632.3 0.72339
17647.7 0.72339
17659.5 0.72339
17668.6 0.72339
17679.4 0.72339
17691.2 0.72339
17697.6 0.722733
17707.2 0.722733
17720.9 0.722733
17732.9 0.722733
17741.5 0.722733
17753 0.722733
17764.8 0.722733
17775.5 0.722733
17787.1 0.722733
17797.8 0.722733
17812.2 0.722733
17823.6 0.722733
17841.7 0.722733
17857.2 0.722733
17864 0.722733
17872.3 0.722733
17882.9 0.722733
17891.6 0.722733
17898.8 0.722733
17908.6 0.722733
17916.1 0.722733
17925 0.722733
17933.3 0.722733
17940.2 0.722733
17947.3 0.722733
17960 0.722733
17966.9 0.722733
17972.8 0.722733
17978 0.722733
17988.3 0.722733
17998.9 0.722733
18011.7 0.722733
18018.3 0.722733
18025.2 0.722733
18034.1 0.722733
18044.8 0.722733
18050.1 0.722733
18054.5 0.722733
18067.4 0.722733
18073.6 0.722733
18083.9 0.722733
18103.2 0.722733
18112.3 0.722733
18124.2 0.722733
18133.5 0.722733
18144.7 0.722733
18156 0.722733
18170.3 0.722733
18181.3 0.722733
18189.8 0.722733
18199.4 0.722733
18209.8 0.722733
18219.9 0.722733
18230.8 0.722733
18246.8 0.722733
18257.9 0.722733
18267.6 0.722733
18279.7 0.722733
18291.1 0.722733
18304.5 0.722733
18315.2 0.722733
18326.2 0.722733
18338.3 0.722733
18347.7 0.722733
18359.1 0.722733
18370.9 0.722733
18383 0.722733
18394.7 0.722733
18404.2 0.722733
18414.4 0.722733
18424.2 0.722733
18429.3 0.722733
18434.7 0.722733
18439.6 0.722733
18444.7 0.72339
18450 0.72339
18455.1 0.72339
18460.1 0.72339
18465.3 0.72339
18470.6 0.72339
18477 0.722733
18483.8 0.722733
18494 0.724047
18500.8 0.724047
18507 0.724047
18518.7 0.722733
18525.2 0.72339
18531.9 0.72339
18538.4 0.72339
18545.3 0.72339
18554 0.72339
18562.1 0.72339
18570.6 0.722733
18578.7 0.724047
18588.3 0.724047
18597.7 0.724047
18603.1 0.724047
18609.4 0.724047
18618 0.724047
18624 0.724047
18632.3 0.724047
18640.8 0.724047
18647.4 0.724047
18654.2 0.724047
18662 0.724047
18669.1 0.724047
18677.8 0.724047
18684.6 0.724047
18696.4 0.724047
18703.2 0.724047
18716.4 0.724047
18722.8 0.724047
18733.7 0.724047
18740.3 0.724047
18751.2 0.724047
18757.9 0.724047
18765.4 0.724047
18771.6 0.724047
18778 0.724047
18786.1 0.724047
18792.7 0.724047
18805.1 0.724047
18811.7 0.724047
18819.7 0.724047
18828.2 0.724047
18835 0.72339
18842.6 0.724047
18851.2 0.724047
18857.8 0.724047
18864.9 0.724047
18875.8 0.724047
18885 0.724047
18891.7 0.724047
18905.9 0.724047
18916.9 0.724047
18928.9 0.724047
18939.9 0.724047
18948.8 0.724047
18960.5 0.724047
18971.3 0.724047
18984.5 0.724047
18996.2 0.724047
19007.7 0.724047
19019.1 0.724047
19027.2 0.724047
19038.5 0.724047
19050.4 0.724047
19064.2 0.724047
19075.1 0.724047
19086.8 0.724047
19098.2 0.724047
19106.6 0.724047
19118 0.724047
19129.5 0.724047
19143.2 0.724047
19153.9 0.724047
19165.8 0.724047
19177.5 0.724047
19186.1 0.724047
19197 0.724047
19208 0.724047
19221.8 0.724047
19232.9 0.724047
19244.1 0.724047
19255 0.724047
19262.7 0.724047
19273.6 0.724047
19283.4 0.724047
19296.2 0.724047
19308.1 0.724047
19320.3 0.724047
19332 0.724047
19340.6 0.724047
19352.3 0.724047
19363.1 0.724047
19376.8 0.724047
19387.5 0.724047
19399.7 0.72339
19409.7 0.722733
19417.1 0.722733
19428.3 0.72339
19439.2 0.72339
19451.3 0.72339
19462.8 0.72339
19474.6 0.72339
19486 0.72339
19492.9 0.72339
19504.2 0.72339
19513.7 0.72339
19525.7 0.72339
19536.2 0.72339
19549.4 0.72339
19560.2 0.72339
19568.6 0.72339
19579.3 0.72339
19590.2 0.72339
19601 0.72339
19612.9 0.72339
19624.9 0.72339
19636.5 0.72339
19644.7 0.72339
19656.6 0.72339
19666.5 0.72339
19677.3 0.72339
19687.9 0.72339
19700.5 0.72339
19712 0.72339
19720.4 0.72339
19731.1 0.72339
19741.7 0.72339
19754.3 0.72339
19765.8 0.72339
19777.9 0.72339
19783.3 0.72339
19788.8 0.72339
19794.5 0.72339
19799.7 0.72339
19808.6 0.72339
19816 0.72339
19822.9 0.72339
19830.9 0.72339
19840.7 0.72339
19847 0.72339
19854.4 0.72339
19862.5 0.72339
19870.2 0.72339
19878.3 0.72339
19884.7 0.72339
19895.1 0.72339
19901.1 0.72339
19907.4 0.72339
19914.1 0.72339
19920.4 0.72339
19926.5 0.72339
19932.9 0.72339
19938.4 0.72339
19945.1 0.72339
19951.1 0.72339
19960.1 0.72339
19966.6 0.72339
19974.7 0.72339
19981.2 0.72339
19993.6 0.72339
20000.1 0.72339
20007.4 0.72339
20014 0.72339
20020.6 0.72339
20029.3 0.72339
20035.5 0.72339
20041.5 0.72339
20051.2 0.72339
20059.1 0.72339
20064.8 0.72339
20071.1 0.72339
20079.6 0.72339
20089.8 0.72339
20097.2 0.72339
20104.1 0.72339
20110.4 0.72339
20116.7 0.72339
20124.9 0.72339
20132.9 0.72339
20140.7 0.72339
20147.3 0.72339
20156.3 0.72339
20163.2 0.72339
20168.7 0.72339
20176.6 0.72339
20182.9 0.72339
20191.4 0.72339
20197.7 0.72339
20203.5 0.72339
20210.7 0.72339
20217 0.72339
20222.3 0.72339
20228.8 0.72339
20235.2 0.72339
20241.6 0.72339
20246.9 0.72339
20252.4 0.72339
20258.2 0.72339
20264 0.72339
20269.7 0.72339
20275.4 0.72339
20280.9 0.72339
20286.6 0.72339
20292.4 0.72339
20298.4 0.72339
20304.1 0.72339
20309.9 0.72339
20315.2 0.72339
20320.7 0.72339
20326.1 0.72339
20332.1 0.72339
20337.6 0.72339
20343.2 0.72339
20348.5 0.72339
20354.2 0.72339
20359.7 0.72339
20365.2 0.72339
20370.7 0.72339
20376.3 0.72339
20381.9 0.72339
20387.6 0.72339
20393.1 0.72339
20398.5 0.72339
20404.1 0.72339
20409.8 0.72339
20415.4 0.72339
20421.1 0.72339
20426.7 0.72339
20432.5 0.72339
20438.1 0.72339
20443.7 0.72339
20449.6 0.72339
20454.8 0.72339
20460.7 0.72339
20466.6 0.72339
20472.6 0.72339
20478.4 0.72339
20484.2 0.72339
20489.9 0.72339
20495.6 0.72339
20500.7 0.72339
20506.1 0.72339
20511.8 0.72339
20517.3 0.72339
20522.9 0.72339
20528.3 0.72339
20533.9 0.72339
20539.5 0.72339
20545 0.72339
20550.5 0.72339
20556.2 0.72339
20562 0.72339
20567.5 0.72339
20573.2 0.72339
20578.6 0.72339
20584.3 0.72339
20589.6 0.72339
20594.7 0.72339
20600.2 0.72339
20605.6 0.72339
20611.5 0.72339
20617.1 0.72339
20622.6 0.72339
20627.9 0.72339
20633.7 0.72339
20638.8 0.72339
20644.1 0.72339
20649.7 0.72339
20655.5 0.72339
20660.8 0.72339
20666.3 0.72339
20671.9 0.72339
20677.5 0.72339
20682.6 0.72339
20687.8 0.72339
20693.5 0.72339
20699.3 0.72339
20704.3 0.72339
20710 0.72339
20715.6 0.72339
20721.1 0.72339
20726.8 0.72339
20732.4 0.72339
20737.9 0.72339
20743.5 0.72339
20749.1 0.72339
20754.7 0.72339
20760.3 0.72339
20765.8 0.72339
20771.4 0.72339
20776.7 0.72339
20782.1 0.72339
20787.3 0.72339
20792.9 0.72339
20798.2 0.72339
20803.8 0.72339
20809.4 0.72339
20815.1 0.72339
20820.6 0.72339
20826 0.72339
20831.5 0.72339
20836.8 0.72339
20842.3 0.72339
20848 0.72339
20853.5 0.72339
20859.1 0.72339
20864.7 0.72339
20870.3 0.72339
20875.7 0.72339
20881.3 0.72339
20886.7 0.72339
20892.3 0.72339
20897.7 0.72339
20903 0.72339
20908.6 0.72339
20914 0.72339
20919.3 0.72339
20924.8 0.72339
20930.7 0.72339
20935.9 0.72339
20941.5 0.72339
20947 0.72339
20952.9 0.72339
20958.1 0.72339
20963.8 0.72339
20969.3 0.72339
20974.8 0.72339
20980.3 0.72339
20986.1 0.72339
20991.9 0.72339
20997.5 0.72339
21002.9 0.72339
21008.3 0.72339
21014 0.72339
21020 0.72339
21025.5 0.72339
21030.9 0.72339
21036.4 0.72339
21042.3 0.72339
21048 0.72339
21053 0.72339
21058.5 0.72339
21064.3 0.72339
21070.1 0.72339
21076.7 0.72339
21084.9 0.72339
21095.3 0.72339
21104.1 0.72339
21112 0.72339
21118 0.72339
21125.5 0.72339
21133.7 0.72339
21140.7 0.72339
21147.1 0.72339
21157.4 0.72339
21164.4 0.72339
21174.4 0.72339
21181.1 0.72339
21190.2 0.72339
21197 0.72339
21204.8 0.72339
21211.4 0.72339
21218.3 0.72339
21226.3 0.72339
21232.5 0.72339
21244.3 0.72339
21251 0.72339
21262.7 0.72339
21269.5 0.72339
21275.6 0.72339
21288 0.72339
21294.7 0.72339
21302 0.72339
21312.7 0.72339
21320.3 0.72339
21326.5 0.72339
21333.3 0.72339
21342.6 0.72339
21353.6 0.72339
21362.2 0.72339
21368.9 0.72339
21375.8 0.72339
21382.2 0.72339
21389.6 0.72339
21398.6 0.72339
21406.7 0.72339
21413.8 0.72339
21423 0.72339
21429.6 0.72339
21437.8 0.72339
21445.6 0.72339
21453.7 0.72339
21460.5 0.72339
21469.7 0.72339
21476.5 0.72339
21486.1 0.72339
21492.7 0.72339
21503.1 0.72339
21509.8 0.72339
21521 0.72339
21526.9 0.72339
21540.3 0.72339
21546.9 0.72339
21556.3 0.72339
21563.3 0.72339
21569.8 0.72339
21578.8 0.72339
21585.3 0.72339
21595.1 0.72339
21602.4 0.72339
21609.2 0.72339
21621.3 0.72339
21628.5 0.72339
21635.1 0.72339
21643 0.72339
21654.4 0.72339
21662.1 0.72339
21669.3 0.72339
21675 0.72339
21681.8 0.72339
21689.4 0.72339
21696.4 0.72339
21703.3 0.72339
21709.9 0.72339
21716.5 0.72339
21726.1 0.72339
21733.7 0.72339
21743.1 0.72339
21749.7 0.72339
21758.6 0.72339
21766.4 0.72339
21772.1 0.72339
21779.1 0.72339
21790.8 0.72339
21797.6 0.72339
21809.9 0.72339
21816.2 0.72339
21828.6 0.72339
21835.1 0.72339
21842.8 0.72339
21849.6 0.72339
21856.6 0.72339
21867.7 0.72339
21874.4 0.72339
21887.3 0.72339
21893.8 0.72339
21899.9 0.72339
21908.6 0.72339
21915.1 0.72339
21926.2 0.72339
21934.2 0.72339
21941.1 0.72339
21950.8 0.72339
21959.6 0.72339
21965.6 0.72339
21972.3 0.72339
21983.3 0.72339
21993.2 0.72339
22001 0.72339
22007.3 0.72339
22014.1 0.72339
22021.3 0.72339
22029.6 0.72339
22038.3 0.72339
22047.2 0.72339
22053.8 0.72339
22062.8 0.72339
22070.1 0.72339
22079.4 0.72339
22087.8 0.72339
22095.9 0.72339
22103.3 0.72339
22109.1 0.72339
22114.8 0.72339
22120.6 0.72339
22126 0.72339
22131.2 0.72339
22136.3 0.72339
22141.5 0.72339
22147.4 0.72339
22153.1 0.72339
22158.7 0.72339
22164.5 0.72339
22169.9 0.72339
22175.7 0.72339
22181.3 0.72339
22186.9 0.72339
22192.6 0.72339
22197.9 0.72339
22203.2 0.72339
22208.5 0.72339
22214.2 0.72339
22220.1 0.72339
22225.8 0.72339
22231.4 0.72339
22243 0.72339
22254.7 0.72339
22264.1 0.72339
22275.4 0.72339
22287.5 0.72339
22302.9 0.72339
22313.7 0.72339
22325 0.72339
22337.2 0.72339
22346.8 0.72339
22359.7 0.72339
22371.6 0.72339
22384.6 0.72339
22396.3 0.72339
22406.7 0.72339
22418 0.72339
22427.2 0.72339
22437.8 0.72339
22449.5 0.72339
22465.4 0.72339
22477.1 0.72339
22488.5 0.72339
22499.9 0.72339
22510.7 0.72339
22522.1 0.72339
22533.4 0.72339
22549.2 0.72339
22561.8 0.72339
22570.5 0.72339
22582.2 0.72339
22591.6 0.72339
22602.7 0.72339
22614.3 0.72339
22628 0.72339
22631.2 0.72339
22635.5 0.72339
22640.9 0.72339
22646.3 0.72339
22650.6 0.72339
22654.4 0.72339
22659.2 0.72339
22664.5 0.72339
22668.7 0.72339
22676.7 0.72339
22681.4 0.72339
22685.9 0.72339
22691.5 0.72339
22698 0.72339
22703.1 0.72339
22711 0.72339
22718 0.72339
22727.2 0.72339
22734.9 0.72339
22742.8 0.72339
22752.7 0.72339
22760.6 0.72339
22768.1 0.72339
22776.4 0.72339
22787.5 0.72339
22795.2 0.72339
22803 0.72339
22810.9 0.72339
22818.6 0.72339
22826.3 0.72339
22836.8 0.72339
22847.1 0.72339
22856.8 0.72339
22865.5 0.72339
22874.2 0.72339
22881.2 0.72339
22888.9 0.72339
22897.8 0.72339
22905.2 0.72339
22913.3 0.72339
22922.4 0.72339
22931 0.72339
22939.7 0.72339
22948 0.72339
22955.7 0.72339
22966.1 0.72339
22973.6 0.72339
22981.3 0.72339
22993 0.72339
23001.1 0.72339
23008.6 0.72339
23019.2 0.72339
23026.2 0.72339
23033.5 0.72339
23044.4 0.72339
23051.7 0.72339
23059 0.72339
23067 0.72339
23077.9 0.72339
23085.7 0.72339
23093.4 0.72339
23100.6 0.72339
23107.9 0.72339
23115.3 0.72339
23122.9 0.72339
23130.5 0.72339
23137.8 0.72339
23146.3 0.72339
23154.8 0.72339
23162.2 0.72339
23171.2 0.72339
23179.5 0.72339
23188.2 0.72339
23196.9 0.72339
23205 0.72339
23212.5 0.72339
23220 0.72339
23226.8 0.72339
23236.8 0.72339
23244.4 0.72339
23253.7 0.72339
23261.8 0.72339
23269 0.72339
23279.4 0.72339
23287.3 0.72339
23294.4 0.72339
23303.7 0.72339
23313.5 0.72339
23321.2 0.72339
23328.7 0.72339
23337.1 0.72339
23347.5 0.72339
23358 0.72339
23367.3 0.72339
23376.7 0.72339
23385.2 0.72339
23394.3 0.72339
23403.3 0.72339
23412.1 0.72339
23419.7 0.72339
23427.3 0.72339
23434.6 0.72339
23443 0.72339
23451.4 0.72339
23460.4 0.72339
23469.3 0.72339
23477.1 0.72339
23484.5 0.72339
23495.3 0.72339
23502.4 0.72339
23512.9 0.72339
23524.9 0.72339
23533.4 0.72339
23543.6 0.72339
23554.8 0.72339
23565.3 0.72339
23576 0.72339
23585.1 0.72339
23595.5 0.72339
23604.8 0.72339
23612.9 0.72339
23621.8 0.72339
23629.7 0.72339
23638 0.72339
23646.7 0.72339
23655.7 0.72339
23664.6 0.72339
23672.7 0.72339
23684 0.72339
23695.4 0.72339
23707.2 0.72339
23718 0.72339
23728 0.72339
23738.5 0.72339
23747.7 0.72339
23757.9 0.72339
23769 0.72339
23778.7 0.72339
23790 0.72339
23798 0.72339
23805.8 0.72339
23817.8 0.72339
23829.8 0.72339
23842.8 0.72339
23855 0.72339
23866.3 0.72339
23878.9 0.72339
23891.3 0.72339
23902.8 0.72339
23913.8 0.72339
23926 0.72339
23938.4 0.72339
23950.4 0.72339
23961.4 0.72339
23973.4 0.72339
23984.7 0.72339
23995.9 0.72339
24003.5 0.72339
24008.8 0.72339
24014.9 0.72339
24021.2 0.72339
24027.7 0.72339
24034 0.72339
24040.3 0.72339
24046.4 0.72339
24052.9 0.72339
24058.3 0.72339
24063.4 0.72339
24069.2 0.72339
24075.1 0.72339
24081.5 0.72339
24087.3 0.72339
24093 0.72339
24098.5 0.72339
24103.9 0.72339
24109.5 0.72339
24115.4 0.72339
24121.7 0.72339
24127.6 0.72339
24133.5 0.72339
24139.5 0.72339
24145.6 0.72339
24151.7 0.72339
24157.9 0.72339
24164.1 0.72339
24170 0.72339
24175.7 0.72339
24181.8 0.72339
24187.6 0.72339
24193.9 0.72339
24200 0.72339
24206.3 0.72339
24212.2 0.72339
24218.3 0.72339
24224.1 0.72339
24230.3 0.72339
24236.2 0.72339
24242.4 0.72339
24248.3 0.72339
24254.3 0.72339
24260.2 0.72339
24266 0.72339
24272.2 0.72339
24278.3 0.72339
24284.3 0.72339
24290.1 0.72339
24296.2 0.72339
24302.4 0.72339
24308.3 0.72339
24314.4 0.72339
24320.7 0.72339
24327.1 0.72339
24333.2 0.72339
