time accuracy
9.35518 0.400131
20.5028 0.50657
35.9622 0.540736
53.852 0.571616
77.0105 0.56636
102.058 0.586071
131.05 0.593955
163.534 0.60184
198.651 0.593955
239.515 0.611038
277.64 0.616951
317.91 0.621551
358.47 0.616951
390.474 0.630092
415.552 0.640604
435.741 0.637319
465.918 0.630092
514.373 0.645861
560.264 0.635348
605.341 0.645204
647.952 0.643233
681.722 0.641262
703.751 0.637319
755.472 0.641262
799.453 0.647832
833.74 0.65046
868.438 0.646518
903.188 0.651774
946.748 0.651774
986.38 0.648489
1035.78 0.649803
1078.34 0.651117
1111.2 0.649146
1158.27 0.649146
1206.54 0.649803
1254.63 0.647832
1305.35 0.65046
1355.5 0.647175
1404.23 0.659001
1453.17 0.658344
1504.25 0.657687
1555.47 0.660972
1600.07 0.663601
1648.56 0.659001
1697.75 0.662286
1747.77 0.666886
1797.02 0.665572
1845.37 0.664258
1890.02 0.669514
1938.85 0.660315
1978.26 0.659001
2020.36 0.665572
2062.27 0.666886
2102.26 0.672799
2144.24 0.676084
2182.7 0.673456
2224.79 0.676741
2272.48 0.676084
2316.28 0.672142
2350.34 0.680683
2396.04 0.684626
2442.5 0.678712
2489.15 0.675427
2536.05 0.679369
2582.54 0.679369
2628.87 0.680683
2673.72 0.672799
2721.05 0.68134
2766.6 0.672799
2816.47 0.672142
2863.39 0.673456
2908.13 0.674113
2956.81 0.672799
3007.48 0.670171
3056.46 0.675427
3107.05 0.671485
3157.27 0.670171
3183.04 0.675427
3231.85 0.675427
3255.44 0.672799
3279.75 0.675427
3304.23 0.679369
3331.81 0.675427
3374.09 0.678055
3401.87 0.678712
3439.56 0.675427
3506 0.680026
3573.75 0.677398
3621.06 0.678055
3668.29 0.676084
3737.36 0.676084
3811.36 0.670828
3883.3 0.670171
3933.88 0.673456
3981.9 0.674113
4022.49 0.671485
4065.43 0.6682
4109.89 0.6682
4155.02 0.668857
4198.1 0.670828
4238.73 0.670171
4280.49 0.669514
4328.1 0.665572
4376.53 0.662943
4419.56 0.667543
4464.84 0.662943
4509.44 0.670171
4552.96 0.662286
4594.15 0.670171
4637.94 0.674113
4684.06 0.675427
4726.76 0.670171
4781.98 0.666886
4810.26 0.666229
4838.03 0.67477
4882.26 0.676741
4928.52 0.680026
4972.68 0.676084
5017.08 0.673456
5060.5 0.675427
5104.88 0.672142
5149.53 0.674113
5193.82 0.676741
5239.9 0.675427
5285.53 0.676741
5330.02 0.678712
5376.16 0.679369
5405.45 0.672142
5435.18 0.676084
5465.52 0.676084
5513.99 0.675427
5554.78 0.665572
5590.48 0.672799
5627.31 0.668857
5661 0.668857
5695.66 0.673456
5738.23 0.67477
5779.78 0.670828
5821.87 0.674113
5867.05 0.665572
5914.7 0.667543
5960.28 0.672799
5997.99 0.667543
6041.36 0.6682
6074.53 0.663601
6103.18 0.654402
6136.89 0.654402
6170.05 0.662943
6208.56 0.663601
6251.8 0.665572
6293.6 0.65703
6349.65 0.656373
6392.41 0.662286
6430.17 0.659001
6492.27 0.661629
6533.17 0.656373
6573.94 0.662943
6621.71 0.660315
6673.02 0.653745
6723.09 0.657687
 0.658344
