time accuracy
604.447 0.35611
977.772 0.567674
1262.13 0.586071
1627.24 0.605782
1993.21 0.618922
2268.01 0.634034
2663.16 0.63929
3040.06 0.648489
3429.06 0.65046
3871.48 0.661629
4248.3 0.660972
4614.8 0.665572
5128.54 0.669514
5645.66 0.662943
6181.66 0.672142
6758.27 0.675427
7273.13 0.678055
7830.34 0.681997
8389.26 0.680683
8944.88 0.679369
9488.02 0.68134
10031.1 0.679369
10572.5 0.682654
11146.4 0.681997
11737.1 0.682654
12317 0.681997
12768 0.685283
13314 0.683311
13697.5 0.689225
14181.2 0.690539
14665.2 0.687911
15169.7 0.694481
15715.9 0.695795
16200.2 0.695138
16687.2 0.697109
17081.2 0.69908
17477.3 0.703022
17876 0.700394
18288.1 0.706964
19191.5 0.704993
19816.3 0.704993
20137 0.710907
20389.9 0.708279
20855.1 0.708936
21352.2 0.710907
21806.8 0.710907
22287.8 0.711564
22781 0.71025
23289.5 0.707622
23737.1 0.711564
23970.7 0.707622
24203.8 0.711564
24568 0.711564
24937 0.712878
25366.9 0.709593
25831.7 0.71025
26293.9 0.707622
26694.7 0.71025
27151.6 0.708936
27662.6 0.709593
28268.8 0.709593
28702.9 0.709593
29183.6 0.71025
29768.1 0.71025
30297.1 0.708936
30872.6 0.71025
31287.4 0.71682
31536 0.717477
31838.6 0.715506
32328.9 0.715506
32765.4 0.715506
33238.5 0.715506
33898 0.715506
34343.1 0.715506
35107.2 0.715506
35496.3 0.71682
35800 0.718134
36105.4 0.718134
36506.1 0.719448
37051.5 0.719448
37677.4 0.717477
38157.4 0.717477
38546.6 0.71682
39020.5 0.717477
39768.5 0.717477
40354.2 0.718134
40959.8 0.718134
41881.5 0.718134
42803.4 0.718791
43726.5 0.720762
44650.2 0.720762
45471.4 0.720762
46091.7 0.720762
46717 0.720762
47344 0.720762
47929.2 0.720105
48419.8 0.720105
48886.3 0.719448
49512 0.720105
50008.5 0.720105
50450.3 0.720762
50901.6 0.720762
51567 0.721419
52252 0.721419
53098.7 0.721419
53768 0.721419
54508.4 0.721419
55166.9 0.720105
55791.1 0.721419
56408.5 0.721419
57015.7 0.721419
57639.4 0.719448
58272.9 0.720105
58890.7 0.721419
59540.5 0.722076
60152.4 0.721419
60767 0.721419
61428.8 0.721419
62174.7 0.721419
62956.9 0.721419
63655.2 0.720762
64317.9 0.721419
64969.4 0.721419
65622.8 0.722733
66293.1 0.722076
66967.5 0.722076
67646.5 0.722076
68329.2 0.722076
68948.2 0.721419
69594.1 0.721419
70278.2 0.720762
70965.2 0.720762
71644.1 0.720762
72294.8 0.720762
72944.8 0.720762
73623.2 0.720762
74266.9 0.720105
74897.3 0.720762
75505.3 0.720105
76124.6 0.720762
76747.1 0.719448
77386.7 0.718134
77985.6 0.719448
78607.5 0.719448
79211.2 0.720105
79855.5 0.721419
80431.9 0.721419
81060.9 0.722733
81706.6 0.720762
82304 0.721419
82961.7 0.721419
83565.9 0.721419
84171.2 0.721419
84748.1 0.722076
85392.4 0.722076
86027.6 0.72339
86650.9 0.72339
87290.8 0.72339
87895 0.72339
88482.9 0.72339
89118.5 0.72339
89770.1 0.72339
90399 0.72339
91032.2 0.72339
91654.3 0.724047
92271.5 0.72339
92883 0.724047
93486 0.724047
94100.7 0.724047
94712.1 0.724047
95309.1 0.72339
95936.3 0.72339
96569.5 0.72339
97202.5 0.72339
97816.5 0.72339
98468.8 0.724047
99100.4 0.724047
99703.5 0.724047
100321 0.724047
100945 0.724047
101549 0.724047
102144 0.724047
102835 0.724047
103536 0.724047
104223 0.724047
104932 0.724047
105597 0.724047
106296 0.726018
106968 0.725361
107644 0.726018
108314 0.726018
108960 0.726018
109626 0.726018
110295 0.726018
110960 0.726018
111625 0.726018
112303 0.726018
112967 0.726018
113636 0.726018
114288 0.726018
114981 0.726675
115664 0.726675
116323 0.726675
116997 0.726675
117634 0.726675
118335 0.726675
119013 0.726675
119678 0.726675
120337 0.726018
120993 0.726018
121668 0.726018
122341 0.726018
122975 0.726018
123656 0.726018
124317 0.726018
124998 0.726018
