time accuracy
230.742 0.34297
452.92 0.432983
676.773 0.521682
897.275 0.51774
1118.93 0.514455
1340.04 0.539422
1576.28 0.545335
1797.36 0.551248
2018.2 0.559133
2239.16 0.543364
2460.09 0.555191
2683.65 0.544678
2909.35 0.551248
3135.16 0.555848
3356.45 0.557819
3581.99 0.553876
3804.04 0.555191
4025.13 0.547306
4252.87 0.553219
4477.4 0.563732
4698.45 0.560447
4924.81 0.553876
5148.26 0.556505
5369.13 0.54862
5596.25 0.557162
5817.33 0.557162
6038.09 0.557162
6259.15 0.557819
6480.1 0.557162
6702.77 0.556505
6925.18 0.553219
7147.19 0.558476
7371.73 0.558476
7596.59 0.554533
7817.14 0.559133
8038.66 0.55979
8259.38 0.560447
8480.66 0.553876
8701.58 0.556505
8925.43 0.55979
9146.48 0.555848
9370.18 0.554533
9591.38 0.555191
9819.95 0.558476
10045.1 0.557162
10266.6 0.560447
10497 0.560447
10721.3 0.556505
10947.2 0.557162
11170.9 0.553876
11397.9 0.558476
11624.3 0.553219
11846.8 0.557819
12072.7 0.560447
12300.3 0.553219
12522.9 0.556505
12750.4 0.560447
12971.7 0.555191
13200.3 0.555848
13421.9 0.557819
13646.6 0.557162
13877.4 0.555848
14106.7 0.555848
14328.7 0.556505
14552.2 0.556505
14778.2 0.554533
15005.4 0.553876
15237.5 0.556505
15464.9 0.553876
15705.3 0.556505
15933.4 0.557162
16174.6 0.560447
16406.8 0.557819
16633.8 0.554533
16857 0.554533
17080.5 0.557819
17304.6 0.559133
17536.4 0.554533
17764.7 0.553219
17987.3 0.556505
18208.9 0.556505
18430 0.559133
18652.4 0.558476
18877.2 0.561761
19098.5 0.557819
19320.6 0.558476
19545.3 0.557162
19774.3 0.55979
19999.5 0.553876
20227.2 0.553876
20453.3 0.549934
20678.8 0.551905
20901.9 0.549934
21124.7 0.549934
21346.4 0.552562
21567.7 0.554533
21793.3 0.553876
22017.2 0.549277
22238.6 0.554533
22469 0.553876
22694 0.549934
22919.2 0.552562
23143.4 0.550591
23371.8 0.554533
23593.4 0.551905
23818.3 0.551905
24042.6 0.553876
24264.3 0.553219
24485.3 0.550591
24709.1 0.553876
24933.9 0.552562
25159.9 0.553219
25397.8 0.552562
25620.8 0.552562
25859.7 0.553876
26099.1 0.555191
26339.9 0.554533
26581 0.555191
26822.2 0.554533
 0.555191
