time accuracy
219.206 0.446124
438.382 0.519711
657.633 0.560447
879.536 0.585414
1106.53 0.61498
1331.29 0.618265
1555.59 0.616951
1787.53 0.621551
2014.35 0.625493
2235.68 0.627464
2457.9 0.624179
2679.69 0.632063
2911.5 0.637319
3134.02 0.64389
3358.45 0.637976
3584.83 0.641919
3810.69 0.642576
4037.03 0.64389
4259.19 0.635348
4489.42 0.637319
4713.7 0.633377
4943.79 0.640604
5169.79 0.636662
5393.1 0.645204
5619.81 0.641919
5850.96 0.642576
6073.81 0.639947
6300.13 0.641262
6525.55 0.640604
6748.57 0.643233
6978.14 0.645204
7208.75 0.636662
7436.88 0.647175
7659.53 0.642576
7884.12 0.642576
8106.29 0.639947
8329.06 0.65046
8551.89 0.645861
8778.3 0.646518
9001.51 0.645204
9224.53 0.647175
9451.74 0.645204
9690.72 0.640604
9916.58 0.646518
10146.2 0.643233
10369.1 0.65046
10600 0.645861
10835.3 0.643233
11066.3 0.644547
11291.9 0.645861
11523.5 0.64389
11746.2 0.640604
11972.9 0.641919
12203.6 0.641919
12426.5 0.638633
12655 0.646518
12882.6 0.637319
13109.2 0.63929
13338.5 0.638633
13561 0.64389
13790.2 0.648489
14025.7 0.646518
14265.4 0.64389
14496.4 0.637319
14727.5 0.640604
14958.5 0.642576
15188.9 0.637976
15421.8 0.641919
15652.4 0.64389
15878.2 0.64389
16103.2 0.63929
16346.5 0.638633
16572.8 0.642576
16809.1 0.642576
17038.4 0.642576
17265.4 0.642576
17494.9 0.63929
17724.3 0.641919
17954.8 0.637976
18178.9 0.637976
18405.9 0.636662
18629 0.644547
18852.5 0.642576
19084.1 0.645204
19315.6 0.639947
19539.6 0.638633
19767.7 0.643233
20003 0.642576
20230.5 0.638633
20453.2 0.643233
20679.2 0.642576
20902.4 0.641262
21127.4 0.63929
21355.3 0.639947
21578.2 0.64389
21822.3 0.640604
22048.5 0.642576
22271.2 0.641919
22494.4 0.641919
22723.8 0.638633
22951.6 0.642576
23178.7 0.638633
23411.9 0.637976
23635.3 0.638633
23863.5 0.638633
24090.5 0.639947
24313.2 0.63929
24536.1 0.641262
24759.2 0.641919
24991.1 0.639947
25222.3 0.64389
25467.6 0.639947
25744 0.639947
26016.5 0.64389
26301.6 0.63929
26580 0.642576
26862.9 0.63929
27116.6 0.642576
27366.7 0.64389
27616.3 0.642576
27865.5 0.645204
28114.7 0.637976
28366.1 0.63929
28615.8 0.639947
28865 0.638633
29114.3 0.639947
29365.8 0.641919
29612 0.641262
29864 0.642576
30114.1 0.641919
30368.6 0.637319
30623.9 0.645861
30877.4 0.643233
31130.1 0.643233
31387.4 0.64389
31640.9 0.645861
 0.640604
