time accuracy
3.60728 0.0479632
8.77704 0.0742444
14.3578 0.11498
20.5899 0.132063
24.2333 0.160972
28.0097 0.177398
31.7602 0.21025
37.1371 0.229961
42.3083 0.260841
47.5328 0.279238
51.541 0.293693
55.189 0.321945
63.6972 0.336399
67.3111 0.350854
70.9962 0.369251
75.473 0.396846
83.2803 0.417214
87.1854 0.421156
91.4141 0.443495
98.6421 0.446124
102.307 0.46452
107.88 0.467148
111.396 0.470434
118.204 0.486202
121.701 0.494087
125.84 0.507227
133.684 0.515769
137.172 0.526938
142.521 0.536137
147.333 0.543364
155.362 0.54862
160.406 0.549277
164.91 0.552562
169.159 0.561761
173.93 0.56636
179.628 0.578844
185.438 0.5841
192.949 0.599869
197.401 0.613009
202.561 0.613666
209.761 0.616951
213.966 0.621551
222.745 0.613666
226.841 0.618922
231.129 0.622208
235.987 0.628121
241.709 0.634691
247.531 0.632063
251.639 0.634691
257.474 0.641261
263.308 0.641261
272.92 0.64389
277.006 0.649146
282.002 0.648489
288.57 0.65046
292.658 0.651117
296.186 0.648489
301.883 0.649146
305.363 0.651117
310.253 0.649803
313.756 0.652431
319.688 0.652431
325.578 0.655059
331.66 0.659001
335.307 0.659658
340.031 0.660972
343.795 0.663601
348.743 0.665572
352.606 0.662943
356.353 0.664915
362.648 0.667543
368.471 0.6682
379.599 0.672142
388.728 0.670828
395.659 0.666886
401.135 0.671485
409.034 0.67477
414.73 0.67477
420.49 0.672142
426.325 0.672799
432.131 0.671485
438.427 0.675427
443.683 0.68134
449.502 0.68594
452.869 0.685283
458.742 0.687911
464.667 0.689225
470.482 0.687911
478.832 0.688568
484.509 0.693824
491.272 0.691196
496.86 0.69251
502.706 0.69908
506.346 0.699737
511.182 0.69908
517.922 0.69908
523.582 0.697766
534.411 0.698423
540.103 0.700394
545.896 0.703679
551.765 0.703679
555.79 0.704993
561.613 0.703679
567.156 0.708936
576.623 0.711564
582.487 0.708936
588.376 0.706965
594.155 0.71025
599.041 0.708936
604.877 0.709593
615.577 0.709593
624.492 0.708936
630.133 0.708936
637.916 0.70565
643.738 0.70565
649.415 0.706307
658.893 0.710907
663.844 0.71025
668.202 0.710907
671.611 0.711564
676.535 0.712221
683.499 0.712221
687.992 0.712221
693.615 0.712221
699.286 0.71025
709.31 0.712878
712.956 0.711564
719.38 0.712878
723.15 0.713535
727.832 0.713535
732.025 0.714849
736.087 0.716163
740.934 0.716163
744.806 0.714849
748.212 0.714849
752.371 0.715506
758.103 0.715506
763.947 0.716163
767.476 0.71682
774.228 0.716163
779.937 0.716163
785.556 0.718791
791.563 0.722076
797.436 0.720762
801.809 0.718134
805.711 0.717477
814.269 0.714849
820.162 0.714849
825.954 0.714192
830.105 0.71682
834.967 0.71682
838.338 0.717477
842.151 0.71682
848.427 0.717477
855.039 0.715506
863.285 0.71682
868.571 0.717477
875.008 0.717477
881.233 0.717477
886.884 0.717477
892.63 0.716163
899.713 0.717477
905.396 0.717477
911.516 0.719448
917.495 0.719448
929.113 0.719448
934.685 0.719448
939.165 0.719448
943.66 0.720762
948.407 0.721419
952.181 0.720762
956.573 0.72339
960.1 0.72339
966.264 0.724704
975.214 0.72339
979.688 0.722076
985.229 0.72339
991.41 0.724047
994.934 0.727989
1000.88 0.724047
1004.28 0.724047
1008.27 0.724047
1013.24 0.727989
1017.27 0.727989
1023.37 0.729304
1029.64 0.729304
1034.46 0.733903
1046.32 0.733246
1052.22 0.733246
1060.17 0.733246
1067.12 0.733903
1072.54 0.733246
1078.88 0.733246
1085.37 0.73456
1091.05 0.737188
1096.83 0.737188
1102.67 0.737188
1108.8 0.735874
1114.32 0.736531
1121.15 0.737188
1127 0.73456
1131.76 0.73456
1137.87 0.732589
1150.41 0.731932
1160.63 0.732589
1166.16 0.732589
1171.07 0.731275
1176.26 0.731275
1182.86 0.729304
1187.58 0.729304
1198.71 0.731275
1204.62 0.731275
1210.71 0.731275
1217.21 0.731275
1225.72 0.732589
1229.52 0.730618
1237.95 0.731275
1242.43 0.729961
1248.36 0.730618
1258.02 0.735217
1264.31 0.735874
1269.2 0.735874
1274.24 0.737845
1281.42 0.737845
1287.76 0.738502
1293.8 0.736531
1298.73 0.737188
1304.64 0.737188
1309.34 0.737188
1320.98 0.736531
1331.76 0.73456
1339.51 0.736531
1348.82 0.737188
1355.14 0.737188
1360.42 0.738502
1365.96 0.737845
1371.87 0.737845
1380.83 0.737845
1385.65 0.736531
1391.74 0.736531
1398.03 0.739159
1408.71 0.740473
1414.02 0.740473
1419.8 0.741787
1432.25 0.742444
1438.37 0.74113
1445.92 0.742444
1450.83 0.742444
1456.71 0.742444
1466.76 0.747043
1473.16 0.7477
1479.49 0.746386
1487.68 0.7477
1493.39 0.747043
1499.48 0.748357
1504.6 0.747043
1509.01 0.7477
1515.09 0.747043
1523.06 0.744415
1533.81 0.743758
1543.97 0.742444
1549.22 0.742444
1555.84 0.744415
1562.17 0.742444
1573.95 0.741787
1581.54 0.741787
1586.99 0.741787
1592.89 0.741787
1597.66 0.741787
1603.67 0.741787
1609.55 0.741787
1615.42 0.741787
1621.64 0.741787
1631.36 0.745072
1647.03 0.745072
1656.86 0.745072
1662.8 0.744415
1669.7 0.744415
1675.55 0.735874
1683.07 0.737188
1686.6 0.737188
1695.99 0.737845
1700.85 0.740473
1707.85 0.74113
1713.71 0.74113
1721.42 0.740473
1726.14 0.740473
1736.81 0.74113
1749.55 0.74113
1756.55 0.741787
1762.79 0.743101
1768.53 0.743758
1775.7 0.743101
1788.12 0.743101
1800.78 0.743101
1806.95 0.743758
1812.63 0.750329
1826.35 0.750329
1831.19 0.750986
1837.21 0.748357
1842.85 0.748357
1848.92 0.748357
1862.34 0.748357
1868.48 0.747043
1874.39 0.747043
1877.79 0.747043
1883.79 0.746386
1892.32 0.7477
1896.66 0.7477
1909.04 0.749014
1915.2 0.7477
1919.64 0.7477
1926.08 0.7477
1932.16 0.7477
1938.32 0.7477
1952.43 0.7477
1959.98 0.748357
1970.26 0.748357
1973.79 0.7477
1978.14 0.7477
1983.54 0.749014
1987 0.748357
1992.85 0.748357
1999.01 0.747043
2005.06 0.750329
2014.92 0.750329
2027.53 0.750329
2033.92 0.750329
2040.02 0.750329
2049.93 0.748357
2057.27 0.749671
2062.29 0.749671
2072.12 0.749671
2078.15 0.749671
2084.31 0.749671
2090.08 0.750329
2096.23 0.750329
2102.41 0.750329
2108.79 0.750329
2114.53 0.750329
2124.52 0.750329
2137.1 0.750329
2144.82 0.750986
2152.91 0.751643
2162.66 0.750986
2170.83 0.751643
2177.01 0.752957
2183.87 0.752957
2187.93 0.752957
2193.24 0.750329
2198.45 0.7477
2204.08 0.748357
2210.42 0.748357
2221.8 0.7477
2228.01 0.750986
2232.91 0.752957
2239.46 0.750329
2245.63 0.749671
2255.37 0.749671
2261.15 0.749671
2270.83 0.749671
2276.74 0.749671
2286.47 0.749671
2290 0.747043
2296.39 0.747043
2302.87 0.747043
2310.96 0.747043
2318.97 0.747043
2326.97 0.746386
2334.01 0.744415
2339.85 0.743758
2344.81 0.743758
2350.88 0.743758
2357.98 0.746386
2363.04 0.746386
2369.13 0.743758
2375.34 0.744415
2384.2 0.744415
2390.49 0.745729
2396.22 0.745072
2400.64 0.745072
2405.47 0.747043
2410.42 0.747043
2414.25 0.747043
2420.2 0.747043
2427.58 0.747043
2432.11 0.747043
2436.83 0.747043
2442.97 0.747043
2448.9 0.747043
2455.09 0.747043
2460.43 0.747043
2465.31 0.747043
2470.06 0.747043
2476.13 0.745729
2486.92 0.7477
2497.96 0.7477
2503.96 0.7477
2508.03 0.7477
2514.08 0.745729
2520.23 0.745729
2529.86 0.746386
2537.92 0.746386
2542.13 0.746386
2549.52 0.746386
2558.22 0.746386
2564.73 0.7477
2571.72 0.7477
2576.57 0.7477
2582.41 0.749014
2593.23 0.745729
2598.95 0.745729
2606.21 0.7477
2611.7 0.7477
2617.8 0.7477
2633.68 0.749014
2643.4 0.7477
2650.97 0.7477
2658.76 0.7477
2672.03 0.7477
2679.71 0.748357
2694.01 0.748357
2697.39 0.748357
2703.5 0.748357
2710.63 0.748357
2716.87 0.746386
2722.57 0.745729
2729.79 0.746386
2734.91 0.746386
2739.75 0.746386
2745.35 0.746386
2750.74 0.743758
2755.47 0.743101
2761.82 0.745072
2771.4 0.745072
2782.97 0.745072
2788.71 0.745729
2795.57 0.74113
2801.61 0.742444
2812.1 0.745072
2817.29 0.745072
2823.9 0.745072
2831.09 0.745072
2836.95 0.745072
2843.17 0.743758
2849.23 0.743758
2858.54 0.743758
2864.68 0.74113
2869.56 0.740473
2878.2 0.740473
2887.08 0.740473
2893.52 0.738502
2898.58 0.738502
2905.72 0.738502
2913.66 0.740473
2919.57 0.740473
2925.15 0.741787
2931.07 0.743758
2939.44 0.743758
2944.65 0.743101
2950.62 0.745072
2956.72 0.745072
2964.06 0.745072
2970.95 0.745072
2977.74 0.747043
2983.99 0.745072
2990.08 0.745072
2996.12 0.745072
3010.94 0.745072
3016.65 0.745072
3027.47 0.745072
3035.1 0.742444
3042.44 0.742444
3053.47 0.742444
3065.41 0.742444
3076.32 0.742444
3082.09 0.742444
3087.79 0.742444
3094.95 0.74113
3110.79 0.74113
3119.79 0.74113
3125.87 0.74113
3138.96 0.738502
3150.35 0.738502
3158.73 0.738502
3164.54 0.738502
3172.54 0.738502
3177.09 0.743101
3183.35 0.743101
3188.27 0.743101
3196.8 0.742444
3202.33 0.742444
3211.95 0.743101
3224.39 0.743101
3230.86 0.745729
3241.92 0.745729
3248.37 0.745729
3256.52 0.745072
3262.95 0.743101
3271.15 0.743101
3277.18 0.742444
3287.3 0.742444
3297.05 0.742444
3303.76 0.742444
3309.29 0.742444
3319.88 0.744415
3333.31 0.742444
3339.14 0.744415
3345.19 0.744415
3356.85 0.744415
3360.97 0.737845
3366.74 0.737845
3373.03 0.737845
3379.44 0.737845
3390.4 0.737845
3397.47 0.742444
3403.61 0.742444
3410.09 0.742444
3414.99 0.743101
3420.53 0.738502
3425.95 0.738502
3430.89 0.738502
3437.36 0.738502
3440.83 0.738502
3445.16 0.738502
3452.61 0.738502
3458.17 0.737845
3472.31 0.737845
3478.66 0.737845
3490.5 0.735874
3499.14 0.735874
3506.03 0.735874
3519.73 0.735874
3525.76 0.735874
3532.25 0.73456
3541.18 0.73456
3547.44 0.73456
3553.34 0.73456
3562.05 0.73456
3578.81 0.73456
3583.15 0.73456
3590.8 0.731932
3596.87 0.731932
3603.1 0.73456
3612.01 0.73456
3622.82 0.731932
3630.89 0.731932
3637.34 0.731932
3648.05 0.731932
3652.53 0.731932
3658.07 0.731932
3663.86 0.731932
3670.01 0.731932
3675.1 0.731932
3683.65 0.731932
3695.14 0.730618
3700.47 0.731932
3706.75 0.731932
3711.57 0.731932
3717.48 0.731932
3723.63 0.732589
3727.41 0.733246
3735.45 0.733246
3743.15 0.731275
3747.33 0.731275
3755.7 0.731275
3759.23 0.731275
3764.99 0.731275
3772.22 0.731275
3777.24 0.731275
3782.98 0.730618
3789.65 0.731275
3793.42 0.730618
3801.13 0.730618
3809.6 0.730618
3814.77 0.729961
3821.24 0.730618
3824.77 0.730618
3829.57 0.730618
3835.92 0.730618
3842.07 0.730618
3848.43 0.729961
3852.39 0.729961
3856.05 0.729961
3862.25 0.729961
3869.54 0.729961
3874.71 0.729961
3880.77 0.729961
3887.76 0.729961
3894 0.730618
3897.79 0.730618
3907.12 0.730618
3911.84 0.730618
3917.72 0.729304
3924.6 0.729304
3930.63 0.729304
3936.22 0.729304
3946.85 0.729304
3957.59 0.729304
3961.5 0.729304
3970.57 0.729961
3978.18 0.729961
3985.59 0.729961
3989.24 0.729961
3992.95 0.729304
3997.91 0.729304
4003.3 0.729304
4009.56 0.729304
4014.14 0.729304
4018.99 0.729304
4027.06 0.728647
4031.88 0.728647
4035.4 0.728647
4039.15 0.728647
4044 0.728647
4052.48 0.728647
4057.67 0.729304
4065.37 0.729304
4070.29 0.729304
4074.89 0.729304
4081.57 0.728647
4085.84 0.728647
4090.49 0.727332
4095.04 0.727332
4101.38 0.727332
4107.59 0.727332
4112.29 0.727332
4117.87 0.727332
4123.35 0.727332
4127.08 0.727332
4133.12 0.727332
4138.47 0.727332
4145.41 0.727332
4150.9 0.727332
4162.27 0.727332
4170.33 0.727332
4175.31 0.727332
4184.57 0.727332
4188.79 0.727332
4199.2 0.727989
4202.84 0.727989
4208.18 0.729304
4219.33 0.728647
4224.54 0.729304
4228.32 0.728647
4233.95 0.729961
4243.14 0.730618
4246.89 0.730618
4251.19 0.729961
4258.87 0.729961
4264.2 0.729961
4268.3 0.729961
4272.27 0.729304
4276.57 0.729304
4286.86 0.729304
4292.78 0.729304
4299.49 0.729304
4303.12 0.729304
4307.51 0.728647
4312.8 0.728647
4317.77 0.729961
4323.1 0.729961
4332.22 0.725361
4335.85 0.725361
4342.81 0.725361
4348.64 0.725361
4352.99 0.725361
4360.1 0.725361
4365.86 0.725361
4371.3 0.727332
4374.91 0.727332
4381.17 0.727989
4386.91 0.728647
4393.59 0.726675
4403.04 0.726675
4411.56 0.726675
4417.67 0.728647
4423.17 0.728647
4428.17 0.728647
4435.45 0.728647
4440.28 0.728647
4448.11 0.728647
4453.59 0.727989
4460.26 0.727989
4464.74 0.728647
4473.17 0.729304
4480.57 0.729304
4488.76 0.728647
4498.43 0.728647
4502.98 0.728647
4512.19 0.728647
4517.9 0.729304
4521.55 0.729961
4525.65 0.729961
4529.27 0.729304
4534.59 0.729961
4541.09 0.729961
4545.84 0.729961
4551.65 0.729961
4557.27 0.729961
4565.31 0.729961
4571.8 0.729961
4582.65 0.729961
4589.62 0.729961
4595.05 0.729961
4599.87 0.729961
4604.63 0.729961
4608.08 0.729961
4612.07 0.729961
4618.47 0.729961
4625.21 0.731275
4634.31 0.731275
4639.62 0.731275
4644.45 0.731275
4648.62 0.731275
4658.18 0.731275
4661.66 0.731275
4666.03 0.731275
4669.42 0.731275
4672.95 0.731275
4677.52 0.731275
4680.99 0.731275
4684.47 0.731275
4688.94 0.731275
4694.36 0.731275
4700.04 0.731275
4705.24 0.731275
4710.04 0.731275
4713.61 0.732589
4717.16 0.732589
4721.97 0.732589
4726.47 0.732589
4736.43 0.732589
4743.78 0.733246
4748.92 0.733246
4752.21 0.733246
4755.75 0.731275
4763.53 0.731275
4768.33 0.731275
4772.96 0.731275
4778.59 0.731275
4783.25 0.731275
4789.12 0.731275
4794 0.731275
4798.71 0.731275
4803.73 0.731275
4812.14 0.731275
4816.28 0.733246
4819.64 0.733246
4825.18 0.73456
4830 0.73456
4834.78 0.73456
4840.62 0.73456
4845.57 0.73456
4850.39 0.73456
4855.16 0.73456
4864.04 0.73456
4872.12 0.73456
4879.68 0.73456
4887.41 0.73456
4894.55 0.73456
4902.33 0.73456
4908.26 0.730618
4913.15 0.730618
4918.03 0.732589
4922.48 0.732589
4931.39 0.732589
4941.44 0.732589
4947.84 0.733246
4953.62 0.733246
4959.68 0.733246
4971.92 0.733246
4977.72 0.733246
4983.46 0.733246
4989.64 0.733246
4995.59 0.733246
5002.35 0.733246
5014.23 0.733246
5029.66 0.733246
5046.82 0.733246
5053.64 0.733246
5065.92 0.733246
5071.92 0.733246
5077.83 0.733246
5088.31 0.729304
5095.45 0.729304
5101.72 0.729304
5106.98 0.729304
5110.3 0.729304
5116.1 0.729304
5122.99 0.731275
5126.52 0.731275
5129.94 0.729961
5133.22 0.729961
5137.46 0.729961
5142.13 0.729961
5147.04 0.729961
5153.04 0.729961
5157.87 0.729961
5162.81 0.729961
5171.83 0.729961
5181.07 0.729304
5185.85 0.729304
5190.18 0.729304
5195.27 0.729304
5200.66 0.729304
5205.95 0.729304
5213.45 0.729304
5218.91 0.729304
5224.13 0.729304
5228.5 0.729304
5233.51 0.729304
5237.68 0.729304
5241.8 0.729304
5247.07 0.729304
5252.07 0.729304
5255.55 0.729304
5259.37 0.729304
5266.33 0.729304
5271.9 0.729304
5278.6 0.729304
5282.2 0.729304
5288.78 0.729304
5297.31 0.729304
5302.92 0.729304
5307.31 0.729304
5313.75 0.729304
5319.57 0.729304
5324.75 0.729304
5329.67 0.729304
5338.33 0.729304
5342.01 0.729304
5350.71 0.729304
5357.11 0.729304
5363.65 0.729304
5368.84 0.729304
5373.19 0.729304
5378.6 0.729304
5383.1 0.729304
5387.84 0.729304
5391.47 0.729304
5394.89 0.729304
5404.98 0.729304
5410.5 0.729304
5415.93 0.729304
5423.39 0.729304
5428.35 0.729304
5435.8 0.729304
5441.08 0.729304
5444.68 0.729304
5447.92 0.729304
5452.77 0.729304
5457.74 0.729304
5465.18 0.729304
5473.26 0.729304
5481.72 0.729304
5489.78 0.729304
5495.56 0.729961
5501.09 0.729961
5506.71 0.729961
5512.85 0.730618
5517.66 0.729961
5523.63 0.730618
5531.82 0.730618
5539.9 0.731275
5543.43 0.731275
5546.83 0.731932
5550.69 0.731932
5558.74 0.731932
5563.15 0.731932
5567.32 0.731932
5572.62 0.733246
5578.64 0.732589
5584.46 0.731275
5597.94 0.729961
5610.9 0.729961
5614.99 0.729961
5623.09 0.729961
5631.05 0.729961
5638.41 0.729961
5643.55 0.729961
5650.46 0.729961
5655.96 0.729961
5660.68 0.729961
5670.32 0.729961
5675.83 0.729961
5681.46 0.729961
5690.3 0.729961
5699.45 0.729961
5708.67 0.729961
5717.72 0.729961
5727.67 0.729961
5736.59 0.729961
5745.64 0.729961
5754.59 0.729961
5764.06 0.729961
5773.08 0.729961
5782.13 0.729961
5790.84 0.729961
5797.69 0.729961
5807.59 0.731275
5814.42 0.731275
5822.75 0.731275
5831.53 0.731275
5841.97 0.731275
5851.3 0.731275
5859.57 0.731275
5871.05 0.729304
5876.25 0.729304
5886.22 0.729304
5890.8 0.729304
5895.82 0.729304
