time objective
3815.89 201433
7567.26 197652
11293.9 200751
15007.3 203989
18983.8 193889
22472.7 204489
26773.3 195538
30711.5 193225
35400.9 197857
40079.3 186761
44443.3 207894
48850.5 190221
53057.4 201655
57310 203469
61547.4 196803
66534 196990
71122.6 210345
75875.4 208618
80642.8 195535
85361.3 200026
89767.9 198980
94422.6 187258
98880.3 197149
103034 210081
107436 198479
111905 195227
116340 181960
120677 192797
124946 198764
130152 197102
134834 197775
139584 195199
144027 204511
148305 199471
152555 204446
156759 192637
160917 194826
166812 195856
172768 195009
178341 197243
183496 199492
189865 197000
195707 198391
201422 189668
