time objective
3730.13 226893
7546.31 205908
11339.3 237304
15139.3 225302
18804.3 225782
22554.8 218174
27210.2 204997
32095.6 234801
36965.3 221552
41348.4 222472
45066.4 246952
49196.6 221493
54250.7 209835
59122.7 235974
64356.3 199437
70753.3 223268
76759.3 236935
83165.3 230736
89044.6 184616
95423.2 218055
101294 210170
109323 240002
116179 208646
122706 213839
128848 221256
135809 218054
143563 212208
150145 203073
156970 224665
164590 219726
170648 225521
176482 203732
182028 222177
187997 202611
