time objective
170.849 254666
264.793 222938
328.959 219248
426.902 236126
575.504 232749
708.061 289306
785.445 265003
855.838 279201
937.301 275473
1028.94 237411
1115.76 226432
1204.02 222262
1265.9 228117
1344.95 237232
1406.78 254256
1484.96 231442
1570.21 242691
1637.14 227807
1690.87 240073
1740.9 238844
1791.33 237706
1866.32 227752
1935.53 221358
1996.02 245014
2068.81 236829
2160.36 226046
2270.5 223204
2359.58 237060
2438.36 226739
2522.32 202631
2633.6 256493
2756.64 253511
2869.06 224488
2979.04 218218
3103.76 201531
3184.06 213346
3297.32 219953
3383.3 213401
3490.3 236605
3573.56 204313
3657.65 204137
3751.71 214106
3909.23 255185
4040.67 234414
4104.65 230854
4217.14 227982
4316.9 211959
4380.96 208235
4454 186705
4526.34 205851
4600.43 231536
4688.47 183057
4795.88 184792
4925.92 206920
5053.55 210962
5140.76 228310
5225.48 190736
5323.46 231546
5402.97 206330
5469.24 216605
5536.18 198914
5610.79 179219
5699.7 199754
5759.69 192041
5810.53 202924
5869.17 193285
5934.49 192471
5997.78 179147
6087 214441
6178.72 249540
6242.9 199701
6345.68 175658
6433.6 196652
6504.47 205936
6580.29 196242
6650.87 222893
6758.57 181870
6833.7 186768
6896.45 199163
6973.28 200510
7037.42 207448
7129.37 228952
7230.65 178015
7333.22 205801
7427.07 197274
7515.72 200196
7607.48 192259
7712.55 186870
7819.81 197928
7911.44 208288
8035.67 184989
8137.41 194489
8240.62 180597
8333.03 192673
8424.07 193904
8515.81 177043
8632.93 179055
8709.99 187035
8783.48 193572
8923.97 188043
9125.95 194797
9219.04 198050
9300.22 199756
9378.09 197102
9511.89 179219
9643.08 231557
9798.23 203764
9992.01 198523
10076.8 180999
10137.8 205392
10218.8 193708
10356 193763
10517 220555
10708.7 205606
10781.9 208753
10882.9 196393
11041 204741
11167.2 186413
11277.2 176427
11359.2 198020
11443.6 185669
11538.9 188124
11660.1 173934
11819.4 192936
11950.8 187470
12144.6 177279
12253.7 194419
12339.4 197021
12426.6 182308
12514.1 175297
12604.9 194439
12705.9 175919
12912.3 194705
13009.3 190045
13148 196645
13292.9 200950
13460.6 198578
13810.3 185168
13951 189362
14086.1 183217
14225.1 181970
14328.3 182454
14435.9 188995
14529.7 185425
14649.1 180259
14731.5 178722
14834.5 173682
14945.5 174470
15052.5 206838
15208 176196
15342.9 199142
15473.6 179976
15570.2 176311
15650.8 188245
15767.6 181023
15908.1 189046
16066.8 163258
16131 181705
16239.3 166826
16327.8 188447
16429.6 186359
16555.2 196809
16640.7 187053
16720.6 196789
16819.6 200450
16897.3 183918
17004.4 188144
17101.8 175875
17217.3 161410
17352.9 206030
17488 182950
17671 200248
17783.2 197443
17915 173411
18030 163282
18170 180017
18333.1 173178
18457.2 180666
18565.9 206890
18701.3 181951
18807.5 186956
18905.7 177886
19022.9 189244
19140.3 175506
19231 186735
19347.8 192499
19499 193195
19599.9 185171
19722.8 175020
19828 179157
19939.1 153686
20085.2 157081
20208.5 211691
20340.5 173414
20485.7 171995
20647.9 179561
20765.8 193620
20870.3 173119
21007 187193
21108.3 191450
21220.8 187261
21345 194061
21479.4 191055
21603.7 193680
21692.4 192555
21781.7 172221
21929.2 168146
21998.3 164449
22082.9 173305
22171.4 174144
22262.7 173124
22353.1 163005
22460.4 157514
22569.9 185110
22679.6 190212
22794.7 159535
22962.6 180509
23234.2 200166
23517.4 197479
23661.5 215020
23763.6 172060
23953 171536
24065.6 213445
24178.2 178770
24318.5 166250
24448.9 169643
24587 168669
24715.5 193538
24828.6 190732
24957.6 183769
25070.5 162363
25395 179513
25641.3 179427
25857.3 169193
26003.7 179960
26178.8 170017
26266.3 153255
26392.7 170315
26544 169343
26643.4 170302
26743.7 180810
26838.9 167382
26941.6 181082
27022.2 159554
27109.5 192431
27187.6 172467
27271.2 165200
27377.1 186892
27472.9 152724
27606 182946
27707.3 158967
27799.8 184631
27878.2 183054
27961.8 178880
28052.4 172607
28144.8 165631
28219.4 190090
28312.2 177169
28409 179021
28489.9 171432
28581 189490
28657.5 213578
28723.5 179284
28804.7 168894
28879.3 170845
28959 182781
29032.1 181242
29095.4 178927
29167.1 177309
29219.3 169135
29275.4 158240
29341.9 176272
29400.6 168718
29467.6 158456
29536.3 154438
29603.3 181680
29658.3 170210
29714 187053
29767.1 177815
29827.8 189258
29884.5 161937
29950.1 171540
30015.2 179398
30077.8 158967
30137 153767
30196.8 165854
30263.8 179143
30337.4 162913
30406.6 168657
30475.9 185846
30540.9 175208
30610.2 168182
30681.5 158501
30744.3 154466
30805.7 209993
30872.1 178322
30945.3 166807
31010.8 169273
31073.7 176451
31132.1 183601
31190.3 165663
31244.9 169049
31295.4 158367
31364 174440
31431.2 179988
31556.5 178406
31662.1 174615
31754.2 178541
31851.3 166956
31919 173409
32007.3 157160
32143 165415
32222.2 176398
32284.6 169532
32373.2 174700
32453.7 154214
32521.4 200010
32711.6 173236
32814.4 157911
32919.2 171623
33025.1 164261
33164.4 195821
33286.2 159219
33402.2 149634
33499.5 165656
33586.6 183596
33657.7 165919
33759.8 175742
33842.6 191059
34012.2 168840
34211.9 171626
34322.4 159702
34391.7 173329
34459.1 178398
34547.2 185387
34653.2 164804
34773.2 176055
34896.5 187353
34979.9 175092
35073.1 182360
35159.3 198417
35252 183595
35356.6 151969
35432.8 168890
35529.1 193496
35597.5 180242
35668.9 153822
35740.6 179172
35807 156004
35889.1 186358
35955.2 157287
36025.6 175435
36096.7 152548
36178.2 182992
36297.5 150788
36376.3 177689
36440.6 169812
36580.3 162620
36677.8 173986
36752.5 196259
36849.6 164057
36936.6 157993
37012.8 155314
37137.8 164392
37253.8 182823
37362.6 179836
37467.2 155911
37559.9 188155
37664.2 164394
37814.1 167632
37895.5 189718
37989.9 168926
38157.9 171928
38241 160771
38388.3 171538
38492.4 178108
38599.8 157455
38729.6 165062
38854.6 151180
39007.1 169912
39130.1 160854
39240.5 151879
39331.5 150970
39414 170411
39493.7 168439
39593.5 179215
39652.3 165021
39709.8 157698
39778.5 182797
39999.8 165291
40111.2 155823
40223.3 181982
40308.1 157803
40422.6 164631
40499.7 159178
40622.7 162553
40724.9 168550
40791.8 147145
40892.1 152807
40997.3 184015
41061.3 172388
41322.7 157592
41462.3 169717
41625.9 154005
41829 153590
41983.4 159576
42132.3 164076
42263.3 174848
42399.2 181979
42502 152202
42595.8 191683
42677.1 178148
42752.4 158095
42827.8 175251
42912.6 170115
42995 167937
43073.6 162456
43157.3 181654
43265.6 161587
43354.9 157046
43446.4 155961
43527.7 175081
43596.1 156158
43666.4 154533
43755.2 168078
43823.3 155912
43928.1 165736
44003.4 169526
44060.1 188883
44114.6 169226
44182.3 194102
44273.4 155208
44346.3 157877
44435.8 153107
44517.9 168172
44591.9 165551
44727.2 153449
44870.6 159355
44953.3 175338
45050.3 148819
45173.1 190081
45301 178231
45426.1 177795
45556.6 147448
45660.9 162524
45764.2 156814
45836.4 170224
45945.3 180434
46075.1 157888
46174.1 172278
46290.5 180673
46390.9 165118
46522.3 163380
46637.2 177056
46745 155730
46872 182697
46970.4 170638
47074.3 171065
47182.4 159317
47335.5 170718
47407.7 177577
47502.4 184609
47578.1 170761
47708.6 159237
47864 172567
47954.3 158840
48084.3 146365
48528.5 167829
48607.5 174457
48687.3 165180
48760.5 173666
48844.3 151823
48914.9 158743
48983.9 170940
49039.2 173859
49100.6 157961
49190.5 168822
49246.8 167647
49302.6 176406
49384.6 162604
49465.8 174466
49544.6 181311
49617.7 168629
49719.7 178817
49816.9 157945
49948.6 152577
50085.6 169188
51237.6 180500
51379.8 182133
51612.3 170035
51755 141921
51884.1 157132
52042.9 160406
52223.1 172909
52749.1 156118
52838.1 155207
52915.3 182681
52985.9 170414
53060.9 159984
53128.9 148905
53202 151033
53269.4 142905
53396.8 181301
53452.5 172959
53510.4 149949
53574 156596
53638.9 171358
53702.4 149497
53775.9 170187
53845.8 171998
53920.8 159787
53997.6 161388
54057.6 161956
54121 173083
54179.5 150285
54242.2 176753
54306.7 164950
54377.5 156683
54451.8 146311
54515.1 177166
54610.9 166903
54710.3 172724
54801.6 169792
54896 152732
54991.8 178417
55105.1 162310
55201.1 151967
55283.2 152036
55377.8 164077
55485.5 175614
55608.8 155732
55674.2 159688
55756.9 149248
55853.6 171087
55947.9 143927
56036.6 172439
56121.8 172562
56208.8 149387
56311.2 173454
56410.5 169795
56517.2 155414
56605.5 163482
56674.6 161540
56751.3 170228
56818.9 154259
56904.7 164540
56961.2 163121
57064.7 154793
57262.9 203501
57319.6 162402
57379 151372
57434.9 188061
57483.7 173265
57540.5 146992
57623.3 174611
57739.1 163793
57783 169646
57838 142686
57891.5 169934
57938 156943
57994.1 157042
58043.9 148974
58098.4 148764
58151.7 188899
58198.6 152919
58244.2 144311
58288.2 156521
58340.1 152994
58394.4 151821
58436.5 154729
58485.2 147624
58535.5 174775
58641.9 158250
58685.3 172413
58732.3 177367
58776.3 160491
58824.2 170384
58875.6 178887
58921 155313
58964.7 188418
59069.5 146287
59128.8 165961
59183.2 166904
59233.9 150773
59291.4 162453
59341 160280
59435.4 182081
59481.9 159846
59533.3 172841
59589.1 152763
59640.7 171223
59695.2 156102
59751.6 172464
59806.9 174152
59863.5 156605
59914.2 173240
59971.3 165047
60020 174310
60077.3 153085
60124.1 151814
60179.5 155952
60230.7 144107
60291.9 168250
60334.3 156086
60380 158203
60434.6 178846
60484.3 166333
60538.4 157746
60594.2 179231
60650.3 202378
60705.6 178909
60765 174870
60831.2 144716
60899.1 150322
60948.9 164281
61006.9 152469
61061.5 169543
61131.5 148133
61198.5 145260
61263.3 162831
61333.6 163270
61397 165597
61453.5 174787
61511.6 147765
61560.2 155505
61618.5 163377
61679.1 152858
61737.1 161102
61796.8 153525
61867.9 157937
62031.3 158375
62095.1 157637
62173.3 154037
62225.6 149955
62286.1 164560
62339.4 167000
62390.6 153099
62443.4 190611
62501.1 152223
62553.8 159506
62638.6 169033
62711.1 150917
62797.9 148470
62867.5 166411
62929.1 156202
62999.5 167606
63059.1 147571
63120.4 156711
63176.6 177925
63226.2 161954
63277.1 152954
63334 146674
63389.4 168653
63464.6 148045
63537.9 166650
63600.8 165101
63654.1 168704
63729.6 150099
63801.8 152819
63868.7 166503
63918.4 160639
63973 160432
64045.8 161735
64110.8 147813
64190.8 156771
64260.5 152955
64324.3 177563
64396 153458
64463.9 161441
64532 144727
64594.8 171956
64649.3 159528
64705.6 173759
64760.7 154206
64813.4 163226
64869.6 150673
64922.4 180032
64984.1 141655
65042.2 160268
65101.5 166439
65157.6 150176
65208.5 194995
65268.6 155741
65333.3 151418
65381.2 175999
65443.8 168882
65497.1 161413
65553.9 158940
65602.2 168973
65655.2 149529
65733.9 170521
65788 160569
65849.8 160106
65911 143170
65958.9 154538
66008.8 155628
66056.9 147160
66105 157511
66155.6 164394
66206.3 147971
66259.1 156579
66313.3 150418
66381.9 178602
66457.1 153705
66509.3 156008
66557.3 154091
66619.6 157479
66668.2 146878
66719.7 157590
66776.4 150683
66826.8 174801
66879.7 169752
66926.2 176224
66980 163319
67029.5 154676
67085.9 146435
67149.8 157009
67205.9 149635
67255.9 164585
67304.6 159400
67356.4 187322
67406.3 151501
67460.4 159145
67513.8 170924
67562.6 155872
67618.7 146255
67676.2 149092
67732.9 166184
67789.1 143205
67840.7 151076
67893.8 150916
67948.7 164672
68004.2 162242
68057.8 165156
68113.7 149523
68181.5 157751
68236.6 148424
68290.7 170883
68346.3 165733
68396.7 158165
68447.6 163141
68496.6 176098
68546.6 175669
68615.7 150157
68669.6 146243
68725.8 152105
68777 152567
68829.4 158309
68882.4 144583
68943.6 153267
68998.6 148808
69094.3 169197
69177.2 153390
69245.6 145702
69359.6 168713
69482.1 151559
69598.8 157736
69685.8 158818
69748.5 160895
69868.6 142526
69930 161982
69995.3 151666
70049.9 150985
70109.1 147937
70177.3 148547
70255.9 146328
70345.7 158232
70440.2 150690
70526 145844
70621.5 152406
70705.7 163910
70785.7 162365
70865.6 173697
70939.1 163424
71013.2 161343
71109.7 175588
71194 165557
71272.7 170205
71358.1 175427
71437.5 163656
71527.8 160010
71622.6 163288
71709.1 151017
71789 166648
71877.1 174490
71956.5 146203
72034.6 140547
72131.9 146566
72200.9 150231
72273.1 157353
72341.1 145408
72404.7 160428
72474.6 153145
72538.3 151384
72611.7 153723
72673.6 147566
72742.4 174268
72810.3 172676
72879 140771
72940.6 158377
72993.4 152122
73051 144325
73093.2 153631
73139.3 149868
73178.3 160524
73225.4 151902
73270.7 143709
73319.2 170120
73379.6 163655
73427.2 158687
73470.5 161251
73516 151397
73561.6 166122
73602.3 172959
73645.9 154512
73703.2 149007
73767.4 163137
73820.8 140637
73871.9 167096
73938.6 164301
74019.2 160541
74101.1 143421
74188.3 165492
74277.4 148663
74366.2 168215
74442.4 149417
74514.5 153614
74596 163719
74672.9 145883
74727 162359
74786.9 147707
74853.9 163170
74941 144624
75021.1 148416
75091.9 145354
75141.9 159066
75199.8 156796
75255.2 148145
75331.7 162935
75415 155683
75498.2 159731
75563.7 162182
75616.7 148006
75680.5 144074
75739.1 161084
75805.3 147725
75878 152015
75949.1 164045
76040.9 157835
76128.4 166651
76209.2 157629
76265.7 149875
76324 147432
76372.5 149661
76421.9 140101
76474.5 157571
76527.5 146349
76577.9 145780
76626.5 175580
76679 171993
76730.9 154873
76780.7 161233
76827.3 161386
76875.8 149289
76932.7 175085
76982.1 162110
77029.4 155138
77086 175931
77146 156683
77210.5 154047
77268.7 145697
77342.3 149067
77404.2 158835
77460.5 157435
77507.9 149687
77572.1 145246
77624 150361
77678.6 172048
77739.3 154002
77798.8 172214
77887.8 155108
77964.1 147821
78032.5 142486
78120.7 156704
78191.1 148043
78355.7 145906
78424 164506
78489.5 148574
78556.1 169220
78628.9 160896
78695.9 143344
78766 155436
78827.9 159873
78888.3 172108
78950.4 180512
79022 158589
79102.2 148669
79171.1 156854
79252 156834
79295.1 148439
79340.6 159684
79385 157780
79435 162559
79485.7 154675
79529.6 158762
79583.6 152163
79650.2 163678
79695.8 146807
79739.7 153224
79782.4 152112
79827.4 146543
79870.5 153416
79911.8 150145
79954.7 165080
80001.2 160476
80049.6 149537
80095.7 147358
80140.2 141061
80187 146376
80229.7 152594
80273.8 181940
80315.7 145665
80359.9 146617
80403.5 140121
80454.3 160662
80504.5 142989
80552.5 151191
80596.7 151825
80643.5 186521
80691.5 146255
80736.4 149031
80783.2 151229
80851.8 152495
80896.7 149737
80936.9 164802
80998.8 157153
81070 153807
81135.9 158125
81204.6 166155
81271.7 147450
81344.8 155579
81405.8 174401
81479.5 151554
81540.5 155948
81607.1 167182
81656.1 157036
81711.6 154709
81765.1 179870
81814.9 155415
81879.9 156001
81929.4 156917
81982.1 172310
82029.9 166227
82106.5 158780
82155.5 172195
82220.1 153653
82270.2 160715
82321.1 167256
82376.7 156864
82422.7 154168
82476.9 161060
82523.5 148643
82568.8 170612
82619.5 154423
82667.3 145890
82717.3 143883
82780.4 176875
82827 150585
82874 167283
82919.3 148285
82970.1 186636
83028.4 158146
83075.3 151830
83164.7 144239
83261.8 144520
83332.1 149240
83386.7 166821
83450.8 150314
83518.2 161675
83632 148268
83678.2 152111
83734.4 160439
83781.7 162500
83842.9 177820
83904.4 146244
83957.1 167980
84011.7 164412
84059.8 146578
84110.1 177366
84164.8 142750
84217.3 158135
84274 144285
