time objective
439.076 199366
937.339 190480
1469.15 174251
2071.41 177786
2845.95 140072
3782.59 166925
4689.92 174737
5644.01 162944
6707.27 189838
7883.4 143159
9589.43 181218
11514.7 172654
13064 175236
14656.2 176068
17244.7 146967
19741.2 158244
22153.8 168126
24773.9 161126
27890.7 178790
30951.5 170925
34069.8 211496
37361.3 190148
40812.2 184575
44397.3 206090
48035.6 165595
51820.9 187873
55725.4 160481
59836.4 174653
64139.3 160059
68519.7 166624
73280.5 175758
78332.2 160854
83422 151703
88614.1 170851
93873.5 158976
99453 175914
105685 163921
111892 156446
117886 170029
123210 188698
128392 186197
133759 164539
139836 166950
146178 167702
151741 183023
157488 161274
162087 173304
166085 176024
170744 161535
175481 162186
179778 191044
183557 135351
187641 185959
