time objective
136.6 2.97555e+09
221.229 1.31255e+09
277.077 8.88195e+08
353.363 6.48168e+08
444.267 5.0228e+08
568.531 5.03439e+08
688.692 3.82824e+08
764.81 3.34483e+08
850.992 2.84963e+08
937.816 2.30137e+08
1028.78 2.07908e+08
1113.35 1.84308e+08
1202.39 1.72451e+08
1294.35 1.64703e+08
1396.37 1.54808e+08
1461.03 1.34979e+08
1544.07 1.30981e+08
1619.27 1.18217e+08
1687.66 1.1645e+08
1756.39 1.05082e+08
1820.01 9.71791e+07
1932.15 9.50092e+07
2025.75 8.57672e+07
2130.22 8.51378e+07
2222.56 7.91594e+07
2312.07 7.11979e+07
2405.85 6.95019e+07
2496.03 6.9699e+07
2588.42 6.56259e+07
2723.85 5.86007e+07
2817.36 6.65564e+07
2918 6.33622e+07
3019.44 5.44843e+07
3153.33 5.31715e+07
3264.89 4.72046e+07
3386.3 4.9308e+07
3501.86 4.84437e+07
3585.85 4.4293e+07
3682.19 4.78349e+07
3793.18 4.08463e+07
3885.9 3.95084e+07
3990.7 4.02522e+07
4122.23 4.37567e+07
4209.23 4.00594e+07
4337.68 3.95593e+07
4441.65 3.79278e+07
4526.48 3.3528e+07
4613.62 3.1828e+07
4697.97 2.88655e+07
4804.91 3.01188e+07
4928.78 3.16136e+07
5044.68 2.64855e+07
5154.85 2.54937e+07
5244.08 2.85528e+07
5357.76 2.78242e+07
5467.7 2.81014e+07
5530.15 2.37621e+07
5600.39 2.68004e+07
5677.74 2.38712e+07
5770.4 2.41629e+07
5853.07 2.30428e+07
5933.57 2.11715e+07
5995.01 2.13427e+07
6062.67 2.07441e+07
6141.67 2.17055e+07
6236.16 2.04971e+07
6310.44 1.92039e+07
6403.9 1.97306e+07
6487.86 2.08204e+07
6595.85 2.18603e+07
6708.85 1.91065e+07
6802.03 1.74245e+07
6876.22 1.83608e+07
6986.86 1.87438e+07
7100.89 1.64265e+07
7175.27 1.95791e+07
7263.28 1.57308e+07
7323.04 1.59929e+07
7411.9 1.61052e+07
7512.41 1.61852e+07
7608.86 1.63953e+07
7721.77 1.67777e+07
7823.08 1.45649e+07
7915.54 1.59563e+07
8006.6 1.48896e+07
8101.96 1.52874e+07
8205.93 1.42962e+07
8313.4 1.37016e+07
8415.68 1.42495e+07
8522.37 1.41653e+07
8622.73 1.30107e+07
8720.5 1.24817e+07
8836.85 1.22985e+07
8938.7 1.29959e+07
9038.22 1.24262e+07
9110.86 1.19858e+07
9240.72 1.17239e+07
9406.3 1.16737e+07
9490.45 1.19592e+07
9572.74 1.11947e+07
9642.94 1.16698e+07
9733.06 1.15397e+07
9949.64 1.17954e+07
10151.4 1.15108e+07
10316.5 1.0416e+07
10460.2 1.28505e+07
10554.8 1.14225e+07
10689.2 1.07204e+07
10831.4 9.95906e+06
10950.4 1.06603e+07
11113.4 9.67873e+06
11197.8 9.54269e+06
11293.4 1.14976e+07
11446.5 9.9364e+06
11596.8 1.0359e+07
11723.2 9.924e+06
11803.2 9.85228e+06
11888.6 9.1205e+06
12009.9 8.93114e+06
12118.9 9.72364e+06
12247.6 8.96139e+06
12390.2 8.86543e+06
12557.9 8.66225e+06
12713.2 8.60939e+06
12813.7 8.52077e+06
12914.9 7.64067e+06
12992 8.12335e+06
13074.2 8.38847e+06
13148.7 7.73713e+06
13232.1 8.08737e+06
13427.3 7.61021e+06
13528.9 7.71281e+06
13660.8 7.95465e+06
13797.2 8.13842e+06
13936.9 8.14684e+06
14276.9 7.57929e+06
14413.2 7.99777e+06
14537.5 7.33535e+06
14690.3 7.65125e+06
14777.2 6.90015e+06
14899.8 7.03118e+06
15019.5 7.0352e+06
15142.1 7.35397e+06
15224.4 7.02082e+06
15294.1 6.61027e+06
15362.1 6.25936e+06
15470.1 6.63967e+06
15608.2 6.599e+06
15691.5 7.6487e+06
15885.5 6.38197e+06
16044.5 6.99987e+06
16136.6 6.29168e+06
16246.4 6.14131e+06
16358.3 6.33689e+06
16479 6.39115e+06
16611.1 6.30699e+06
16670.8 5.36012e+06
16787.2 5.95811e+06
16891.8 5.87461e+06
16987.7 6.13414e+06
17096.1 5.84856e+06
17217.7 6.17669e+06
17293.2 5.85743e+06
17379 6.19397e+06
17456.4 6.1313e+06
17547.5 5.7583e+06
17656.1 5.97375e+06
17791.5 5.52588e+06
17894.8 5.16721e+06
18041 6.11307e+06
18178 5.46512e+06
18337.5 5.784e+06
18475.2 5.99242e+06
18597.1 5.44553e+06
18716.6 4.97699e+06
18849.9 4.98851e+06
19003.6 4.87158e+06
19114 5.57351e+06
19232.3 5.58902e+06
19323.1 5.11133e+06
19448.6 5.46365e+06
19581.6 4.9638e+06
19712.9 5.35126e+06
19829.9 4.97126e+06
19965.3 5.06965e+06
20098.2 5.00403e+06
20231.3 5.57955e+06
20363.1 5.02397e+06
20468.6 4.97036e+06
20602.9 4.88602e+06
20720.7 4.36988e+06
20868.6 4.25978e+06
21060.4 5.10213e+06
21280.6 4.64405e+06
21394.1 4.47848e+06
21528.3 4.85036e+06
21678.7 4.83894e+06
21825.9 4.59576e+06
21944.7 4.68835e+06
22061.1 4.87423e+06
22178.8 4.65589e+06
22305.4 4.88902e+06
22386.4 4.7459e+06
22488.4 4.87149e+06
22614.6 4.78315e+06
22689.1 4.61697e+06
22811.3 4.1862e+06
22901.9 4.18363e+06
23008.3 4.21864e+06
23108.1 4.0608e+06
23225 4.23637e+06
23333.4 3.99591e+06
23455.7 3.90903e+06
23590.3 4.23301e+06
23733 4.43494e+06
24065.5 3.84311e+06
24300 4.01762e+06
24423.1 4.58039e+06
24574.6 4.22922e+06
24676.9 4.76343e+06
24781.5 4.0314e+06
24940.4 3.91718e+06
25065.8 4.64156e+06
25168.1 4.09481e+06
25271.1 3.77789e+06
25384 3.9476e+06
25512.7 4.00393e+06
25644.3 3.95942e+06
25750.3 4.2181e+06
25979 3.87016e+06
26171.3 3.82773e+06
26378.9 4.20013e+06
26492.2 3.71932e+06
26586.7 3.7118e+06
26722.9 3.75303e+06
26789.6 3.77432e+06
26866.3 3.40361e+06
26968.1 4.11774e+06
27066 3.48159e+06
27155.3 3.55553e+06
27236.3 3.74151e+06
27289.9 3.46812e+06
27363.3 3.76409e+06
27436.1 3.38838e+06
27500.5 3.72794e+06
27556.2 3.43828e+06
27630.6 3.42475e+06
27698.5 3.8908e+06
27760.8 3.28077e+06
27817.8 3.52208e+06
27872.2 3.62562e+06
27950.1 3.61468e+06
28060.1 3.48205e+06
28127.8 3.61008e+06
28230.7 3.39578e+06
28299.3 3.231e+06
28369.6 3.59974e+06
28484.3 3.66932e+06
28583.7 3.62861e+06
28669.5 3.28062e+06
28746 3.63237e+06
28806.3 3.66756e+06
28874.9 3.16272e+06
28989 3.18292e+06
29049.2 3.31079e+06
29111.2 3.42874e+06
29170.6 3.48002e+06
29230.9 3.21906e+06
29345.3 3.23155e+06
29432.5 3.10468e+06
29484.1 2.91672e+06
29548.6 3.05031e+06
29608.9 3.01281e+06
29663.4 3.0315e+06
29723.3 2.72151e+06
29787 3.09921e+06
29862.5 3.0982e+06
29929.5 3.19098e+06
29983.1 3.16598e+06
30047.4 3.28603e+06
30107.1 2.93188e+06
30166 3.10296e+06
30228.9 3.11107e+06
30290.7 2.74727e+06
30348.3 2.92489e+06
30397.5 2.96792e+06
30449.4 2.85666e+06
30500.4 3.03816e+06
30548 2.98375e+06
30597.9 3.08984e+06
30649.2 3.01231e+06
30703.2 2.84017e+06
30763.5 2.65052e+06
30814.7 2.74496e+06
30878.4 3.37512e+06
30937.1 2.94817e+06
30994 2.86391e+06
31051.6 2.70441e+06
31108.1 2.83952e+06
31173.9 2.78997e+06
31223.8 2.69495e+06
31284 2.8798e+06
31345.8 2.79431e+06
31395.9 2.78213e+06
31447.2 2.78709e+06
31496.1 2.82462e+06
31552.3 2.85189e+06
31607 2.67091e+06
31666.4 2.68197e+06
31725.9 2.64431e+06
31775.9 2.64477e+06
31829.1 2.71894e+06
31927.3 2.77457e+06
32050.9 2.66792e+06
32165.5 2.71803e+06
32251.4 2.523e+06
32329.1 2.94055e+06
32411.5 2.76168e+06
32556.3 2.55573e+06
32645.1 2.64922e+06
32706.9 2.61082e+06
32788.5 2.77053e+06
32878.9 2.83011e+06
33063.7 2.45519e+06
33224.6 2.42569e+06
33309.8 2.58491e+06
33397.3 2.53931e+06
33492.5 2.56136e+06
33570.1 2.78819e+06
33683.7 2.58513e+06
33779.2 2.37359e+06
33884.1 2.46091e+06
34003.8 2.67647e+06
34081.1 2.63713e+06
34144.3 2.60765e+06
34245.7 2.56598e+06
34332.4 2.46054e+06
34530.1 2.57358e+06
34637.6 2.45678e+06
34749.2 2.59555e+06
34801.2 2.70833e+06
34851.7 2.43376e+06
34928.4 2.19629e+06
35009.7 2.31905e+06
35086.4 2.65528e+06
35166 2.41312e+06
35250.2 2.23689e+06
35349.1 2.45857e+06
35433.1 2.21071e+06
35526.6 2.48624e+06
35618.2 2.33247e+06
35705.9 2.31082e+06
35793.9 2.10731e+06
35876.4 2.59065e+06
35966.3 2.10639e+06
36044.1 2.34281e+06
36126.3 2.3201e+06
36206.2 2.28621e+06
36294.7 2.38775e+06
36376.9 2.39463e+06
36454.9 2.23023e+06
36514.6 2.09567e+06
36582.6 2.07191e+06
36680.1 2.19299e+06
36787 2.3536e+06
36844.6 2.1964e+06
36964.7 2.053e+06
37049 2.49924e+06
37145.3 2.149e+06
37250.5 2.23401e+06
37354.2 2.40037e+06
37441.1 2.19569e+06
37511.8 2.17207e+06
37623.1 2.02011e+06
37722.4 2.22615e+06
37822.1 2.24173e+06
37924.4 2.06674e+06
38012.7 2.14022e+06
38102.3 2.03916e+06
38198.3 2.375e+06
38318.3 1.99344e+06
38398 2.05304e+06
38496.1 2.05894e+06
38655.2 2.14384e+06
38719 2.0745e+06
38822 2.23927e+06
38934.9 2.11193e+06
39050.1 2.02097e+06
39160 2.45562e+06
39263.4 2.07911e+06
39370.8 1.96246e+06
39473.1 2.21058e+06
39583.4 2.08455e+06
39682.4 1.99211e+06
39776.3 1.98507e+06
39861.8 2.00003e+06
39956.1 2.03626e+06
40059.8 1.88225e+06
40147.9 1.86683e+06
40232.7 2.33585e+06
40388.6 2.23817e+06
40519.7 1.89313e+06
40625.4 1.92257e+06
40710.3 1.9873e+06
40810.7 1.96348e+06
40932.9 2.02727e+06
41075.6 1.96583e+06
41187.8 2.05291e+06
41254.9 2.34943e+06
41317.6 1.86683e+06
41406.2 2.10236e+06
41496.6 2.05164e+06
41630.5 1.83367e+06
41763.3 1.97956e+06
41889.2 1.90686e+06
42024 1.91417e+06
42150.1 1.86073e+06
42317.6 1.98477e+06
42469.8 1.90373e+06
42569.3 1.79514e+06
42662.2 1.84573e+06
42745.4 1.94316e+06
42809.3 1.78902e+06
42871.5 1.7893e+06
42934.6 1.96458e+06
42990.9 1.77841e+06
43046.9 1.88925e+06
43109.5 1.88604e+06
43177.8 2.04769e+06
43241.4 2.01888e+06
43302.7 1.96622e+06
43375.2 1.86053e+06
43446 1.80827e+06
43510.6 1.71524e+06
43572.9 1.74954e+06
43631.4 1.72993e+06
43686.1 1.69319e+06
43739 1.6776e+06
43798.3 1.882e+06
43863.2 1.6614e+06
43945.9 1.96869e+06
44020.4 1.84831e+06
44095.7 1.79578e+06
44190.7 1.63424e+06
44266.1 1.72036e+06
44343 1.74707e+06
44406.6 1.79804e+06
44462.7 1.848e+06
44519.4 1.72067e+06
44594.9 1.75057e+06
44677.8 1.77871e+06
44772.5 1.84286e+06
44864.2 1.75829e+06
44968.5 1.79853e+06
45071.5 1.65514e+06
45158.6 1.82652e+06
45241.2 1.74121e+06
45324.2 1.70071e+06
45447.1 1.59886e+06
45553 1.70942e+06
45653.9 1.8352e+06
45756.9 1.81251e+06
45839.3 1.76868e+06
45912.4 1.58662e+06
45976.3 1.77548e+06
46036.4 1.64775e+06
46131.2 1.45665e+06
46241.5 1.68189e+06
46356.5 1.80315e+06
46430.8 1.60505e+06
46495.5 1.65185e+06
46577.2 1.53097e+06
46639.5 1.54642e+06
46707.5 1.69954e+06
46763.2 1.68405e+06
46828.1 1.65689e+06
46928 1.65018e+06
47046.9 1.66422e+06
47151.6 1.63836e+06
47246.9 1.64427e+06
47337.2 1.63249e+06
47489.5 1.6903e+06
47575.3 1.63219e+06
47704.9 1.76098e+06
47791.5 1.52479e+06
47888.1 1.46388e+06
47981.9 1.56942e+06
48061.4 1.65462e+06
48208.3 1.70752e+06
48317.1 1.67545e+06
48631.9 1.41e+06
48702.8 1.5784e+06
48789.5 1.52338e+06
48850.4 1.57874e+06
48911 1.38385e+06
48961.1 1.58271e+06
49015.7 1.67445e+06
49071.2 1.62639e+06
49164.4 1.51597e+06
49217 1.4047e+06
49293.4 1.38636e+06
49352 1.4148e+06
49413.2 1.37689e+06
49492.8 1.6459e+06
49570 1.49873e+06
49639.9 1.57665e+06
49719 1.41153e+06
49822.1 1.56542e+06
49924.6 1.38526e+06
50069.9 1.53777e+06
50391.9 1.55112e+06
51402.2 1.49436e+06
51538.8 1.63853e+06
51631.4 1.57228e+06
51831.6 1.53201e+06
51942.3 1.38659e+06
52062.1 1.53123e+06
52206.9 1.45867e+06
52352.5 1.39672e+06
52489.2 1.3484e+06
52574.6 1.52803e+06
52635.1 1.48136e+06
52691.2 1.59107e+06
52754 1.51653e+06
52818.4 1.40345e+06
52882.3 1.50192e+06
52943 1.38785e+06
53009.4 1.42687e+06
53071.3 1.34187e+06
53126.2 1.49494e+06
53196.2 1.45412e+06
53262.5 1.42677e+06
53318.9 1.42327e+06
53388.7 1.28205e+06
53457.3 1.55659e+06
53523.5 1.38441e+06
53588.6 1.53696e+06
53656.1 1.53342e+06
53721.8 1.41459e+06
53790.3 1.56398e+06
53854.7 1.41068e+06
53930.1 1.31192e+06
54009.6 1.4638e+06
54106.8 1.40341e+06
54189.4 1.45001e+06
54288.3 1.33783e+06
54359.3 1.42416e+06
54420.4 1.32045e+06
54483.5 1.35853e+06
54548.6 1.21849e+06
54610.3 1.26288e+06
54687.6 1.63128e+06
54753.8 1.27748e+06
54831.4 1.34104e+06
54892.3 1.42724e+06
54971.1 1.45562e+06
55085.1 1.2604e+06
55174.3 1.36641e+06
55267.1 1.33158e+06
55348.4 1.41753e+06
55417.5 1.24909e+06
55501.8 1.42296e+06
55600.4 1.41359e+06
55699.1 1.30698e+06
55781.4 1.27256e+06
55868.6 1.22727e+06
55959.9 1.50716e+06
56042.7 1.33627e+06
56135.6 1.1874e+06
56208.3 1.28538e+06
56311.8 1.25946e+06
56425.4 1.25616e+06
56492.9 1.27432e+06
56556.6 1.31774e+06
56639.9 1.40154e+06
56722.8 1.23344e+06
56782.6 1.28469e+06
56831.4 1.40381e+06
56895.5 1.45527e+06
56963.3 1.33479e+06
57015.6 1.32314e+06
57072.3 1.37303e+06
57134.6 1.27769e+06
57237.4 1.46266e+06
57330.7 1.16252e+06
57389.1 1.17318e+06
57452.3 1.32015e+06
57517.1 1.32459e+06
57566.8 1.21851e+06
57622.5 1.34958e+06
57679.1 1.24392e+06
57736.5 1.13095e+06
57815.7 1.33496e+06
57875.3 1.22071e+06
57936.9 1.34559e+06
57996.4 1.28953e+06
58057.9 1.43329e+06
58115.9 1.20319e+06
58181 1.26996e+06
58240.7 1.22218e+06
58299.3 1.24599e+06
58353.2 1.31046e+06
58411.7 1.30758e+06
58463.9 1.33894e+06
58520.9 1.18291e+06
58582.4 1.22317e+06
58644 1.24653e+06
58691.9 1.11886e+06
58748.4 1.3253e+06
58799.4 1.30255e+06
58857.6 1.2395e+06
58913.6 1.33641e+06
58974.5 1.27459e+06
59030.1 1.21114e+06
59086.8 1.25369e+06
59143.6 1.4193e+06
59236.9 1.28766e+06
59298.5 1.24447e+06
59365.3 1.12258e+06
59429.3 1.16094e+06
59487.5 1.20015e+06
59554 1.19596e+06
59614 1.21336e+06
59675 1.16996e+06
59734.8 1.1346e+06
59792.2 1.21181e+06
59857.4 1.23324e+06
59918 1.20324e+06
59982.4 1.28678e+06
60057.2 1.11288e+06
60116.3 1.19973e+06
60183.2 1.19599e+06
60235.7 1.24054e+06
60292.6 1.18135e+06
60347.7 1.16544e+06
60405.2 1.1494e+06
60468.5 1.09054e+06
60529 1.13118e+06
60598.9 1.19891e+06
60662.4 1.14256e+06
60734.6 1.11813e+06
60810.2 1.1867e+06
60884.6 1.15788e+06
60956.9 1.15499e+06
61006.3 1.30732e+06
61064.4 1.12262e+06
61122.3 1.1667e+06
61182.5 1.13724e+06
61243.4 1.10371e+06
61313.1 1.07719e+06
61376.8 1.2018e+06
61436.1 1.12158e+06
61501.4 1.18925e+06
61564.1 1.05692e+06
61626.2 1.12055e+06
61692.1 1.23641e+06
61753.7 1.08934e+06
61819.8 1.08514e+06
61878.2 1.07801e+06
61945.3 1.20523e+06
62000.9 1.06321e+06
62055.8 1.1319e+06
62117.8 1.14615e+06
62170.8 1.09922e+06
62242.3 1.16584e+06
62307.3 1.07972e+06
62380 1.17774e+06
62455.6 1.09648e+06
62539.3 1.12904e+06
62600 1.07984e+06
62658.4 1.06976e+06
62720.1 1.08712e+06
62779.6 1.09341e+06
62837.2 1.17913e+06
62891.4 1.11517e+06
62944.6 1.10506e+06
62996.7 1.03551e+06
63061.3 1.10758e+06
63125.5 1.06362e+06
63185.5 1.1499e+06
63280.4 1.03884e+06
63369.2 1.09326e+06
63433.7 1.09707e+06
63518.8 1.20953e+06
63601.7 1.03792e+06
63702.9 1.10575e+06
63786.5 1.11264e+06
63857.2 1.04501e+06
63936 1.21326e+06
64008.9 1.04196e+06
64081.3 1.06128e+06
64156.5 1.18957e+06
64237.7 1.06256e+06
64322.3 1.06644e+06
64393.3 1.08753e+06
64448.5 1.15844e+06
64500.5 1.00005e+06
64562.9 1.10282e+06
64623.2 1.06539e+06
64681.9 1.10496e+06
64736.7 1.06025e+06
64795.3 1.02728e+06
64853.3 1.05164e+06
64907.9 985938
64971 1.10453e+06
65030.8 1.03418e+06
65081.1 972723
65134.7 1.06705e+06
65183.8 997862
65237 1.19549e+06
65293.5 1.01881e+06
65352 1.06244e+06
65411.4 1.03704e+06
65463 990796
65517.6 969723
65564.9 1.06938e+06
65614.1 1.00601e+06
65665.5 1.0874e+06
65739.2 1.05126e+06
65796.7 1.07723e+06
65855.8 1.05261e+06
65929.4 919305
65987.7 955322
66048.6 994179
66100.2 1.02044e+06
66147.2 1.01287e+06
66198.5 1.00739e+06
66244.6 1.11502e+06
66299.4 1.00742e+06
66346.3 987911
66406.2 1.0464e+06
66460.5 956044
66518.4 949277
66571.3 930332
66631.4 1.06848e+06
66695.2 968001
66751.9 970315
66805.5 987366
66855.3 1.05291e+06
66908.9 1.02456e+06
66960.1 1.06361e+06
67012.1 971079
67077.7 1.05073e+06
67139.5 951686
67198.9 1.05581e+06
67253.7 1.01274e+06
67313.3 989522
67364.8 1.0963e+06
67418.7 1.00463e+06
67470.3 1.06494e+06
67520.4 957867
67578.3 963334
67630.1 956210
67683 950036
67743.5 1.00727e+06
67799.6 911597
67857.7 962873
67912.4 969840
67974.8 1.0238e+06
68045.3 975957
68105.6 871095
68159.7 1.04308e+06
68216.5 951710
68274.5 951483
68329 1.01223e+06
68386.3 969173
68440.6 912093
68497.7 988856
68568.6 962258
68630.7 973536
68691.5 854618
68759.8 900245
68815.9 856753
68871.6 935152
68966.1 908273
69045.1 863031
69143 932807
69212.2 970728
69316.3 950219
69418 1.0001e+06
69514.1 930165
69621.4 950710
69696.5 1.09373e+06
69810.6 927867
69917.8 975849
70003.4 1.03977e+06
70112.7 936727
70199.2 952031
70275.4 1.04738e+06
70367.9 881909
70470 981459
70568.6 983120
70665 888910
70742.6 855558
70827.7 855319
70908.4 990701
70993.6 905815
71081.9 856205
71181.8 905367
71255.4 933065
71345.6 908181
71424.3 871313
71502.6 851573
71594.1 993642
71691.9 993536
71792.7 837554
71871 898443
71956.7 930361
72049.3 807260
72136.8 926288
72257.7 879782
72317.4 929711
72379.7 856893
72430.9 952482
72488.1 941233
72554.2 917543
72611.2 913936
72666.8 903081
72715.6 867795
72775.2 918364
72828.5 970370
72883.8 885975
72948.3 926200
73009.3 907165
73063 806444
73123.7 946529
73184.4 880341
73236.7 888198
73288.6 886173
73358.2 907067
73416.3 929291
73478.1 908182
73561.6 861266
73616.7 881471
73668.6 892053
73721.1 841392
73780.1 897523
73835.6 838393
73898 922336
73963 763658
74033 820795
74101.6 831919
74170.4 877804
74236.1 850781
74295.8 864091
74344.2 968112
74389 869906
74437.1 865903
74483.2 903085
74523.7 854266
74566.3 840342
74644 875936
74690.4 874459
74733.5 841974
74783.7 902344
74829.8 884466
74877 943539
74921.2 843652
74974.2 851458
75033.1 782885
75094.2 794299
75172.5 826912
75229.1 884064
75293 790610
75351.3 750396
75418.7 938038
75485.5 927868
75541.3 834183
75627 843448
75696.7 856798
75767.6 771368
75846.2 895359
75940.2 871086
76035.3 866853
76127.5 926887
76211.5 793136
76315.5 727223
76417.2 773148
76503.5 811886
76572.6 810629
76654.4 839237
76722.1 803090
76787.3 789803
76852.8 801793
76923.3 901864
77017.6 816416
77113.5 893847
77200.4 799812
77274.5 827615
77363.8 773400
77434 879567
77498.2 782802
77558.3 821001
77615.5 849705
77671.1 747400
77722.2 891493
77774.9 846107
77833.6 773108
77890.2 825756
77946.2 867071
78032 856075
78114.9 848057
78194.4 824514
78259.7 752651
78331 877588
78421.1 841916
78503.2 819063
78641 834363
78746.9 829579
78811.8 817881
78887.5 824753
78956.9 807519
79031 814395
79102.5 827339
79173.3 777495
79231.8 805014
79299.5 789452
79364.9 774621
79498.5 769247
79580 792508
79695.3 854981
79761.4 790374
79820.9 794716
79877.5 792226
79931.4 756855
79989.5 754145
80044.3 838762
80099.1 861404
80154.3 759964
80210.2 722565
80262.2 757095
80317.2 775175
80381.2 805316
80433.8 769004
80482.5 798195
80532.5 870971
80584.4 767772
80637.6 732870
80684.9 803444
80741.2 778691
80799.5 762570
80862.2 812482
80924 791404
80988 795999
81046.7 763929
81103 819321
81155.7 792230
81210.3 757201
81263.3 829697
81350.7 762361
81405.8 759847
81484.2 794461
81559.8 726394
81634.4 761876
81712.6 884555
81791 767384
81874.9 796312
81952.6 773367
82023.3 823027
82096.8 813548
82173.1 790234
82255.2 787880
82317.3 750421
82381.7 758634
82461.9 779578
82534.9 767397
82593 766656
82666.6 804275
82732.3 751345
82789.5 785663
82847.7 745571
82907.4 781455
82967.9 716483
83024.4 810849
83078.6 763965
83133 807602
83199.9 742549
83266.4 849604
83332.9 751241
83401.1 744576
83460.8 719496
83523.1 704537
83592.3 750117
83658.4 780189
83710.6 697928
83788.6 746544
83884.7 697177
83978.3 734692
84059.3 758400
84127.4 727473
84183.9 770819
84238.6 858439
84292.1 749590
84344.9 790073
84394.6 758373
84450.1 691874
84500.8 839004
84559.8 712934
84614 757106
84670.4 728214
84724.6 694642
84783.4 710467
84842.4 713619
84893.7 757949
84954.5 737554
85007.9 764691
85063.2 747586
85117.9 748111
85171.8 657010
85222.3 755797
85281 730897
85337.9 722497
85392.6 727518
85447.2 736743
85501.6 715926
85556 714854
85616.7 736705
85673.9 696232
85733.7 751864
85792.5 680870
85845.2 718398
85900.4 731005
85959.9 798260
86016.7 711687
86078.4 679579
86138.6 717475
86195.9 714327
86251.8 741647
86311.6 713735
86372.9 713164
86437.1 694985
86487.8 683974
86542 783881
86606.3 688398
86657.4 772338
86705.6 651438
86767.7 711763
86816.8 695930
86888 724971
86941.9 683626
86992.8 760248
87059.4 699685
87113.7 677263
87182.9 692561
87235.1 710494
87285.5 797181
87336.8 700450
87388.3 709622
87439.8 753993
87502.4 697289
87556.4 694459
87628.6 685039
87689.1 744731
87749.8 670239
87809.3 674628
87867.9 661557
87917.4 694463
87969.3 743892
88025.3 723335
88076.8 679408
88140.2 642928
88198.5 681452
88262 735861
88321.1 645293
88394.9 676942
88527.1 672603
88653.3 707906
88775.1 656613
88899.2 677746
88963.3 738342
89012.7 766943
89068.2 686843
89119.5 707662
89167.8 736986
89218.5 758037
89262.3 709551
89306.4 720276
89362.3 697622
89413 671842
89459.6 706959
89517 708854
89574.9 653361
89632.2 781430
