time objective
170.849 254666
264.793 222938
328.959 219248
426.902 236126
575.504 232749
708.061 289306
785.445 265003
855.838 279201
937.301 275473
1028.94 237411
1115.76 226432
1204.02 222262
1265.9 228117
1344.95 237232
1406.78 254256
1484.96 231442
1570.21 242691
1637.14 227807
1690.87 240073
1740.9 238844
1791.33 237706
1866.32 227752
1935.53 221358
1996.02 245014
2068.81 236829
2160.36 226046
2270.5 223204
2359.58 237060
2438.36 226739
2522.32 202631
2633.6 256493
2756.64 253511
2869.06 224488
2979.04 218218
3103.76 201531
3184.06 213346
3297.32 219953
3383.3 213401
3490.3 236605
3573.56 204313
3657.65 204137
3751.71 214106
3909.23 255185
4040.67 234414
4104.65 230854
4217.14 227982
4316.9 211959
4380.96 208235
4454 186705
4526.34 205851
4600.43 231536
4688.47 183057
4795.88 184792
4925.92 206920
5053.55 210962
5140.76 228310
5225.48 190736
5323.46 231546
5402.97 206330
5469.24 216605
5536.18 198914
5610.79 179219
5699.7 199754
5759.69 192041
5810.53 202924
5869.17 193285
5934.49 192471
5997.78 179147
6087 214441
6178.72 249540
6242.9 199701
6345.68 175658
6433.6 196652
6504.47 205936
6580.29 196242
6650.87 222893
6758.57 181870
6833.7 186768
6896.45 199163
6973.28 200510
7037.42 207448
7129.37 228952
7230.65 178015
7333.22 205801
7427.07 197274
7515.72 200196
7607.48 192259
7712.55 186870
7819.81 197928
7911.44 208288
8035.67 184989
8137.41 194489
8240.62 180597
8333.03 192673
8424.07 193904
8515.81 177043
8632.93 179055
8709.99 187035
8783.48 193572
8923.97 188043
9125.95 194797
9219.04 198050
9300.22 199756
9378.09 197102
9511.89 179219
9643.08 231557
9798.23 203764
9992.01 198523
10076.8 180999
10137.8 205392
10218.8 193708
10356 193763
10517 220555
10708.7 205606
10781.9 208753
10882.9 196393
11041 204741
11167.2 186413
11277.2 176427
11359.2 198020
11443.6 185669
11538.9 188124
11660.1 173934
11819.4 192936
11950.8 187470
12144.6 177279
12253.7 194419
12339.4 197021
12426.6 182308
12514.1 175297
12604.9 194439
12705.9 175919
12912.3 194705
13009.3 190045
13148 196645
13292.9 200950
13460.6 198578
13810.3 185168
13951 189362
14086.1 183217
14225.1 181970
14328.3 182454
14435.9 188995
14529.7 185425
14649.1 180259
14731.5 178722
14834.5 173682
14945.5 174470
15052.5 206838
15208 176196
15342.9 199142
15473.6 179976
15570.2 176311
15650.8 188245
15767.6 181023
15908.1 189046
16066.8 163258
16131 181705
16239.3 166826
16327.8 188447
16429.6 186359
16555.2 196809
16640.7 187053
16720.6 196789
16819.6 200450
16897.3 183918
17004.4 188144
17101.8 175875
17217.3 161410
17352.9 206030
17488 182950
17671 200248
17783.2 197443
17915 173411
18030 163282
18170 180017
18333.1 173178
18457.2 180666
18565.9 206890
18701.3 181951
18807.5 186956
18905.7 177886
19022.9 189244
19140.3 175506
19231 186735
19347.8 192499
19499 193195
19599.9 185171
19722.8 175020
19828 179157
19939.1 153686
20085.2 157081
20208.5 211691
20340.5 173414
20485.7 171995
20647.9 179561
20765.8 193620
20870.3 173119
21007 187193
21108.3 191450
21220.8 187261
21345 194061
21479.4 191055
21603.7 193680
21692.4 192555
21781.7 172221
21929.2 168146
21998.3 164449
22082.9 173305
22171.4 174144
22262.7 173124
22353.1 163005
22460.4 157514
22569.9 185110
22679.6 190212
22794.7 159535
22962.6 180509
23234.2 200166
23517.4 197479
23661.5 215020
23763.6 172060
23953 171536
24065.6 213445
24178.2 178770
24318.5 166250
24448.9 169643
24587 168669
24715.5 193538
24828.6 190732
24957.6 183769
25070.5 162363
25395 179513
25641.3 179427
25857.3 169193
26003.7 179960
26178.8 170017
26266.3 153255
26392.7 170315
26544 169343
26643.4 170302
26743.7 180810
26838.9 167382
26941.6 181082
27022.2 159554
27109.5 192431
27187.6 172467
27271.2 165200
27377.1 186892
27472.9 152724
27606 182946
27707.3 158967
