time objective
136.6 2.97555e+09
221.229 1.31255e+09
277.077 8.88195e+08
353.363 6.48168e+08
444.267 5.0228e+08
568.531 5.03439e+08
688.692 3.82824e+08
764.81 3.34483e+08
850.992 2.84963e+08
937.816 2.30137e+08
1028.78 2.07908e+08
1113.35 1.84308e+08
1202.39 1.72451e+08
1294.35 1.64703e+08
1396.37 1.54808e+08
1461.03 1.34979e+08
1544.07 1.30981e+08
1619.27 1.18217e+08
1687.66 1.1645e+08
1756.39 1.05082e+08
1820.01 9.71791e+07
1932.15 9.50092e+07
2025.75 8.57672e+07
2130.22 8.51378e+07
2222.56 7.91594e+07
2312.07 7.11979e+07
2405.85 6.95019e+07
2496.03 6.9699e+07
2588.42 6.56259e+07
2723.85 5.86007e+07
2817.36 6.65564e+07
2918 6.33622e+07
3019.44 5.44843e+07
3153.33 5.31715e+07
3264.89 4.72046e+07
3386.3 4.9308e+07
3501.86 4.84437e+07
3585.85 4.4293e+07
3682.19 4.78349e+07
3793.18 4.08463e+07
3885.9 3.95084e+07
3990.7 4.02522e+07
4122.23 4.37567e+07
4209.23 4.00594e+07
4337.68 3.95593e+07
4441.65 3.79278e+07
4526.48 3.3528e+07
4613.62 3.1828e+07
4697.97 2.88655e+07
4804.91 3.01188e+07
4928.78 3.16136e+07
5044.68 2.64855e+07
5154.85 2.54937e+07
5244.08 2.85528e+07
5357.76 2.78242e+07
5467.7 2.81014e+07
5530.15 2.37621e+07
5600.39 2.68004e+07
5677.74 2.38712e+07
5770.4 2.41629e+07
5853.07 2.30428e+07
5933.57 2.11715e+07
5995.01 2.13427e+07
6062.67 2.07441e+07
6141.67 2.17055e+07
6236.16 2.04971e+07
6310.44 1.92039e+07
6403.9 1.97306e+07
6487.86 2.08204e+07
6595.85 2.18603e+07
6708.85 1.91065e+07
6802.03 1.74245e+07
6876.22 1.83608e+07
6986.86 1.87438e+07
7100.89 1.64265e+07
7175.27 1.95791e+07
7263.28 1.57308e+07
7323.04 1.59929e+07
7411.9 1.61052e+07
7512.41 1.61852e+07
7608.86 1.63953e+07
7721.77 1.67777e+07
7823.08 1.45649e+07
7915.54 1.59563e+07
8006.6 1.48896e+07
8101.96 1.52874e+07
8205.93 1.42962e+07
8313.4 1.37016e+07
8415.68 1.42495e+07
8522.37 1.41653e+07
8622.73 1.30107e+07
8720.5 1.24817e+07
8836.85 1.22985e+07
8938.7 1.29959e+07
9038.22 1.24262e+07
9110.86 1.19858e+07
9240.72 1.17239e+07
9406.3 1.16737e+07
9490.45 1.19592e+07
9572.74 1.11947e+07
9642.94 1.16698e+07
9733.06 1.15397e+07
9949.64 1.17954e+07
10151.4 1.15108e+07
10316.5 1.0416e+07
10460.2 1.28505e+07
10554.8 1.14225e+07
10689.2 1.07204e+07
10831.4 9.95906e+06
10950.4 1.06603e+07
11113.4 9.67873e+06
11197.8 9.54269e+06
11293.4 1.14976e+07
11446.5 9.9364e+06
11596.8 1.0359e+07
11723.2 9.924e+06
11803.2 9.85228e+06
11888.6 9.1205e+06
12009.9 8.93114e+06
12118.9 9.72364e+06
12247.6 8.96139e+06
12390.2 8.86543e+06
12557.9 8.66225e+06
12713.2 8.60939e+06
12813.7 8.52077e+06
12914.9 7.64067e+06
12992 8.12335e+06
13074.2 8.38847e+06
13148.7 7.73713e+06
13232.1 8.08737e+06
13427.3 7.61021e+06
13528.9 7.71281e+06
13660.8 7.95465e+06
13797.2 8.13842e+06
13936.9 8.14684e+06
14276.9 7.57929e+06
14413.2 7.99777e+06
14537.5 7.33535e+06
14690.3 7.65125e+06
14777.2 6.90015e+06
14899.8 7.03118e+06
15019.5 7.0352e+06
15142.1 7.35397e+06
15224.4 7.02082e+06
15294.1 6.61027e+06
15362.1 6.25936e+06
15470.1 6.63967e+06
15608.2 6.599e+06
15691.5 7.6487e+06
15885.5 6.38197e+06
16044.5 6.99987e+06
16136.6 6.29168e+06
16246.4 6.14131e+06
16358.3 6.33689e+06
16479 6.39115e+06
16611.1 6.30699e+06
16670.8 5.36012e+06
16787.2 5.95811e+06
16891.8 5.87461e+06
16987.7 6.13414e+06
17096.1 5.84856e+06
17217.7 6.17669e+06
17293.2 5.85743e+06
17379 6.19397e+06
17456.4 6.1313e+06
17547.5 5.7583e+06
17656.1 5.97375e+06
17791.5 5.52588e+06
17894.8 5.16721e+06
18041 6.11307e+06
18178 5.46512e+06
18337.5 5.784e+06
18475.2 5.99242e+06
18597.1 5.44553e+06
18716.6 4.97699e+06
18849.9 4.98851e+06
19003.6 4.87158e+06
19114 5.57351e+06
19232.3 5.58902e+06
19323.1 5.11133e+06
19448.6 5.46365e+06
19581.6 4.9638e+06
19712.9 5.35126e+06
19829.9 4.97126e+06
19965.3 5.06965e+06
20098.2 5.00403e+06
20231.3 5.57955e+06
20363.1 5.02397e+06
20468.6 4.97036e+06
20602.9 4.88602e+06
20720.7 4.36988e+06
20868.6 4.25978e+06
21060.4 5.10213e+06
21280.6 4.64405e+06
21394.1 4.47848e+06
21528.3 4.85036e+06
21678.7 4.83894e+06
21825.9 4.59576e+06
21944.7 4.68835e+06
22061.1 4.87423e+06
22178.8 4.65589e+06
22305.4 4.88902e+06
22386.4 4.7459e+06
22488.4 4.87149e+06
22614.6 4.78315e+06
22689.1 4.61697e+06
22811.3 4.1862e+06
22901.9 4.18363e+06
23008.3 4.21864e+06
23108.1 4.0608e+06
23225 4.23637e+06
23333.4 3.99591e+06
23455.7 3.90903e+06
23590.3 4.23301e+06
23733 4.43494e+06
24065.5 3.84311e+06
24300 4.01762e+06
24423.1 4.58039e+06
24574.6 4.22922e+06
24676.9 4.76343e+06
24781.5 4.0314e+06
24940.4 3.91718e+06
25065.8 4.64156e+06
25168.1 4.09481e+06
25271.1 3.77789e+06
25384 3.9476e+06
25512.7 4.00393e+06
25644.3 3.95942e+06
25750.3 4.2181e+06
25979 3.87016e+06
26171.3 3.82773e+06
26378.9 4.20013e+06
26492.2 3.71932e+06
26586.7 3.7118e+06
26722.9 3.75303e+06
26789.6 3.77432e+06
26866.3 3.40361e+06
26968.1 4.11774e+06
27066 3.48159e+06
27155.3 3.55553e+06
27236.3 3.74151e+06
27289.9 3.46812e+06
27363.3 3.76409e+06
27436.1 3.38838e+06
27500.5 3.72794e+06
27556.2 3.43828e+06
27630.6 3.42475e+06
27698.5 3.8908e+06
27760.8 3.28077e+06
27817.8 3.52208e+06
27872.2 3.62562e+06
27950.1 3.61468e+06
28060.1 3.48205e+06
28127.8 3.61008e+06
