iteration objective
0 36279.2
1 33399.6
2 28591.3
3 26656.6
4 31130.1
5 32291
6 31498.1
7 32779.3
8 31802.9
9 32794.4
10 31395.5
11 32092.8
12 31087.6
13 29356.8
14 29571.3
15 27887.2
16 28543.6
17 29664.5
18 26666.1
19 26786.4
20 25204.2
21 25840.1
22 26321.3
23 24508.7
24 25280.2
25 23818.8
26 24483.5
27 22295.5
28 23188.8
29 24164.1
30 24470.2
31 22777.7
32 21440.8
33 22107.6
34 21927.3
35 22739.1
36 22558.1
37 20827.9
38 21724.2
39 20166.3
40 20049.8
41 21318.2
42 20845
43 21395.3
44 20232.3
45 20147.6
46 21088.3
47 19747.5
48 21517
49 22144.2
50 21507
51 20842.8
52 21995.9
53 21559
54 20655.8
55 20060.6
56 19827.6
57 21238.1
58 22820.4
59 20933.7
60 21337.1
61 21414
62 20663.3
63 20570.5
64 20022.8
65 19170.9
66 18608
67 18736.6
68 20420.9
69 20384.5
70 21525.2
71 19827.3
72 20532.4
73 19543.7
74 19960.1
75 20004
76 20731.3
77 21258.7
78 22189.4
79 21350.7
80 21731.6
81 20099.4
82 19401.6
83 20768
84 20180.4
85 20482.8
86 20430.6
87 20739.8
88 21301.7
89 20596
90 18910.3
91 22445.6
92 21246.4
93 19860
94 20006.9
95 20485.3
96 20560.5
97 20260.8
98 21333.1
99 21085.8
100 18845.2
101 22512.4
102 20960.2
103 19539.3
104 20964.5
105 20982.7
106 20694.7
107 20569.7
108 20925.3
109 20854.5
110 21614.1
111 21331.9
112 20344.6
113 22478.1
114 22236.2
115 20633.5
116 21727.3
117 21799.6
118 20957.2
119 20626.5
120 21025.6
121 20324
122 20812.9
123 20477.6
124 22507.6
125 21951.7
126 21266
127 21129.2
128 22727.1
129 19922.8
130 21115.6
131 20310.3
132 20990.7
133 19086.5
134 19795.3
135 20702.3
136 20647.5
137 20702.4
138 19777.5
139 19460.8
140 20602.9
141 21080.1
142 21610.5
143 19300.7
144 21323.3
145 19645.8
146 20163.8
147 19529.9
148 19904.3
149 19522.1
150 21049.5
151 21501.2
152 21215.7
153 22036.5
154 19470.4
155 22573.8
156 20283.4
157 20590
158 21149.3
159 20673.5
160 21629.5
161 19948.8
162 20111.3
163 19809.6
164 20334.2
165 21920.9
166 21495.4
167 20434.5
168 22513.4
169 21313.9
170 23587.4
171 19481.4
172 20913.3
173 22474.4
174 21052
175 20785.1
176 21944
177 21073.4
178 18555.9
179 22177
180 20522.2
181 19983.1
182 21728.9
183 21518.1
184 21140.5
185 21889.2
186 21028.3
187 21623.1
188 19724.1
189 21280.9
190 21474.3
191 19966.2
192 18350.8
193 19995.1
194 22667.3
195 20246.2
196 19900.1
197 22251.6
198 21518
199 21878
200 20560.4
201 20619.1
202 20609.7
203 20661.7
204 20846.4
205 19182.9
206 21396.1
207 22202.6
208 19395.7
209 21813.3
210 21229.1
211 19833.7
212 19840.7
213 21123.1
214 20214.9
215 20517.4
216 22341.9
217 20993.8
218 21323.1
219 20682.3
220 19357.3
221 20486.2
222 18780.7
223 21626.5
224 21726.6
225 20237.5
226 20650.7
227 22597.2
228 22273.5
229 22035
230 22297.9
231 20455
232 22325.1
233 19795.4
234 20638.9
235 22378.4
236 21452.9
237 19626.4
238 20913.3
239 23614.2
240 19630.2
241 22088.2
242 20220.1
243 20407
244 21826.2
245 21576.8
246 21114.9
247 19904.2
248 21102.6
249 20594.8
250 21326.5
251 21321.8
252 21866.7
253 20127.3
254 19393.9
255 20320.1
256 20630.3
257 20625.8
258 20384.3
259 21763.5
260 19564.5
261 20926.7
262 21761.8
263 21877.7
264 19264.2
265 20555.7
266 21147.9
267 22389.2
268 21856.5
269 20626.4
270 20021.2
271 22333.8
272 20570.9
273 20652.8
274 21795.2
275 22207.4
276 19859.3
277 22626.4
278 20857.6
279 19747.9
280 22402.2
281 20613.3
282 19648.5
283 19999.3
284 20333.1
285 21000.8
286 20338.1
287 21221
288 22025.7
289 18796.6
290 21341.1
291 19931.6
292 20437.7
293 21063.8
294 20478.8
295 20619.6
296 20715
297 21318
298 20237.1
299 21269.6
300 22709.1
301 20374.3
302 20063
303 19005.8
304 21837.4
305 20203.8
306 21621.9
307 21437.9
308 22904.3
309 20340.2
310 20098.4
311 20087.3
312 22170.3
313 20342.5
314 19612.4
315 20244.2
316 18566.7
317 19819.1
318 19658.4
319 21087.1
320 19560.2
321 20331.3
322 21277.6
323 21692.9
324 21150.5
325 23231.7
326 20621.8
327 20829.6
328 19398.5
329 20384.7
330 21011.5
331 21518.5
332 19997.3
333 19280.5
334 20700.8
335 22513.8
336 20713.4
337 21627.7
338 20753.5
339 22089
340 21106.4
341 20361.7
342 21151.8
343 19399.9
344 20061.1
345 22932.6
346 22708.5
347 21285.3
348 23150.5
349 20041.6
350 21673.8
351 22696.6
352 20750.8
353 21212.6
354 20260
355 20078.4
356 20521.8
357 20077
358 20871.4
359 20713.5
360 20297.1
361 20971.5
362 20003.9
363 19847.8
364 19284.1
365 21116.1
366 19642.2
367 22597.8
368 19897.7
369 20202.3
370 19218.4
371 20824.2
372 20004.8
373 20741.5
374 21856.6
375 20290.7
376 20664.3
377 20011.8
378 18594.2
379 19961.9
380 21347.6
381 20304.3
382 19845.4
383 21202.6
384 19519.5
385 20450.9
386 20575.7
387 21211.8
388 21532.1
389 20241.3
390 20964.1
391 19989.9
392 20192.7
393 20461.3
394 21085.9
395 20343.8
396 22519.3
397 20631
398 21516.6
399 19794.5
400 18984.9
401 20761.6
402 20815.3
403 21299.6
404 21182.7
405 19509.9
406 20876.6
407 21520.4
408 19893.6
409 23727
410 19696.1
411 21120.8
412 21197.9
413 20829.6
414 21904.1
415 21723.6
416 19846.4
417 18812.5
418 21530.8
419 21311.4
420 20921.1
421 20306
422 20851.7
423 19462
424 20417
425 21422.7
426 21498.8
427 20903.3
428 20781.6
429 21356.9
430 18641.8
431 21221.4
432 22066.2
433 19497.4
434 21312.3
435 21680
436 21204.6
437 19698.1
438 20230.2
439 20300.4
440 18334.2
441 19213.6
442 19606.7
443 19031.3
444 19687.1
445 21368.9
446 19878
447 20258.5
448 20710.1
449 20381.3
450 20914.8
451 20529.9
452 20629.2
453 20013.1
454 20225
455 20780.4
456 20871.5
457 20554.4
458 20157
459 21548
460 19898.8
461 21623.1
462 21184.1
463 19725
464 19781.3
465 20304.3
466 22759
467 21431.5
468 19919.4
469 22369.5
470 21980.4
471 19535.3
472 18435.5
473 19243.5
474 19875.2
475 19802
476 18603.3
477 21415.8
478 21459.9
479 20391.7
480 20978.4
481 21906.4
482 19711.3
483 20028.8
484 20365.7
485 20086.2
486 21666.9
487 19910.8
488 18635
489 19704.9
490 21192
491 19305.6
492 21133.3
493 21419
494 20017.4
495 20511.7
496 20238.2
497 20789.4
498 21445.4
499 21201.6
500 20243.5
501 21518.3
502 19856.9
503 19545.1
504 21038.4
505 20316.3
506 20229.4
507 19999.3
508 20526
509 21643.7
510 20964.4
511 19081.7
512 21234
513 21695.1
514 20857.7
515 19701
516 19465.3
517 21228.9
518 19785.3
519 21238.9
520 22474
521 20981.3
522 20246.8
523 19144.4
524 19813.2
525 20470.7
526 19974.6
527 19781.5
528 21312.3
529 20636.4
530 20687.9
531 21169.6
532 21794.3
533 21973.7
534 20013.3
535 20391.3
536 19584.7
537 20812.7
538 21551
539 19756.1
540 19855.8
541 21279.7
542 20044.6
543 20621.2
544 20582.7
545 20724.6
546 21827.5
547 20241.5
548 22229.2
549 19916.2
550 19680.7
551 20716
552 19942.7
553 20386.8
554 20384.4
555 19557.5
556 19344.3
557 22873.3
558 20475.5
559 20697.2
560 19280.8
561 20448
562 19749.8
563 22409.4
564 22064
565 20189.3
566 19929.6
567 19435.6
568 22622.6
569 19470
570 21020.9
571 20851.5
572 20484
573 19282.8
574 21607.4
575 23030.8
576 19562.6
577 19177.4
578 21179.4
579 21677.8
580 21212
581 19889.3
582 20002.8
583 20783.8
584 20536.8
585 20296.3
586 20971.7
587 21178.3
588 20493.4
589 20309.5
590 19962.7
591 20495.1
592 19404.6
593 19730.6
594 19638.4
595 19365.3
596 20196
597 20479.3
598 21983.4
599 19310.1
600 20986.2
601 21417.2
602 22204.5
603 22864
604 19992
605 21169.6
606 21776.1
607 21144.9
608 21161.5
609 21953.6
610 20388.9
611 20331.3
612 19956.1
613 21571.1
614 21993
615 18222.5
616 21381.6
617 20136
618 20272.8
619 20062.3
620 18978.5
621 21815.7
622 21018.1
623 21456.5
624 20191.2
625 22175.5
626 21002.9
627 21011.6
628 22587.1
629 20723.3
630 19853.1
631 23155.5
632 22718.1
633 22176.8
634 20993.9
635 20826.2
636 20518.4
637 19979.9
638 23277.2
639 21106.1
640 22183.1
641 22043.1
642 20349.5
643 21170.2
644 23146.8
645 21148.6
646 19679.7
647 20102.7
648 21126.3
649 20210.4
650 21111.1
651 21104.9
652 20237.6
653 22560.4
654 20158.9
655 20910.5
656 21163.2
657 20332.2
658 20689.8
659 21411.4
660 20640.9
661 21473.2
662 24270.1
663 20661.6
664 21454.2
665 18684.8
666 20359.7
667 21417.6
668 21510.9
669 20916.1
670 20607.1
671 21200.9
672 19997.3
673 19638.8
674 20931
675 20474.5
676 20350.7
677 23823.4
678 21167.7
679 20135.4
680 21765.4
681 21345
682 20319.8
683 21484.1
684 20642.3
685 22245.6
686 20863.4
687 20867.9
688 22432.1
689 19145.2
690 21360.6
691 19318
692 20817
693 20017.5
694 19871
695 21227.4
696 21856.3
697 21778.9
698 20805.7
699 20321.7
700 23896.2
701 22127.8
702 21828.4
703 23093.2
704 20026
705 20980.4
706 20626.4
707 20347
708 22648.8
709 21118.2
710 21016.5
711 19662.4
712 22763.1
713 21751.8
714 20060.7
715 23480.2
716 23667.7
717 21473.3
718 19855.9
719 20786.9
720 21928.9
721 21113.6
722 19588.2
723 19954
724 22038.7
725 22598.2
726 21187.2
727 20618.7
728 22000.2
729 19412.8
730 22555.8
731 21174.2
732 20289.8
733 20489.3
734 22997.8
735 19950.6
736 19508.5
737 23370.5
738 21816.4
739 22467.1
740 22764.1
741 20415.7
742 21020.6
743 20704
744 22023.4
745 21102.2
746 20028.6
747 21571.8
748 22039.5
749 20398.1
750 20115.1
751 22376.2
752 22154
753 19491.4
754 20909
755 19313.9
756 20174.4
757 21278.6
758 19910.1
759 21077.6
760 21362.8
761 23146.3
762 21394.1
763 21426.9
764 20745.8
765 21606
766 20850.7
767 21650.3
768 20877.4
769 20322.7
770 21689.5
771 20506.4
772 20640.6
773 21357.1
774 20620.3
775 22057.2
776 22304.4
777 20870.8
778 22604
779 22691.8
780 21078
781 19611.3
782 20775
783 21662.3
784 20947.2
785 22103.7
786 20997.2
787 20765.8
788 20239.9
789 22260.8
790 20695.3
791 17691.7
792 21143.2
793 23014.1
794 21401.7
795 21834.2
796 21596.6
797 21253.9
798 20543.1
799 21415.8
800 20611.2
801 22579.7
802 18516.5
803 22172.8
804 22437.7
805 22101.5
806 20744.7
807 21704.1
808 20924.7
809 20842.1
810 20967.7
811 20627.3
812 20095.1
813 21534.1
814 19696.5
815 21093.2
816 20599.8
817 20887
818 21770.5
819 22674.2
820 20643.3
821 19694.6
822 22729.5
823 20189.2
824 21716.8
825 20795.9
826 21256.4
827 22830.1
828 20987.2
829 21490.8
830 21827.1
831 21900.8
832 21874.1
833 21302.4
834 21652.3
835 20209.9
836 20438.4
837 21651.1
838 22796.8
839 20855.4
840 22130.6
841 19025.9
842 20004.9
843 21178.5
844 19772.6
845 22488.7
846 21265.1
847 23889
848 20072.7
849 20655.9
850 22276
851 22302.5
852 22787.7
853 21299.9
854 21218.4
855 21664.4
856 23442.8
857 22704.2
858 20226.2
859 22647.2
860 21454.7
861 21781.5
862 23483
863 22052.7
864 21224.6
865 21360.1
866 21363.9
867 21415.9
868 21943.4
869 20301.8
870 21094
871 21168.2
872 21479.5
873 21405.4
874 23432
875 22858.1
876 22606.6
877 22111.4
878 21422
879 20864.5
880 19382.1
881 20724.5
882 19723.2
883 22487.3
884 21742
885 21221.8
886 21850
887 19555.1
888 21744.2
889 21248.4
890 21893.7
891 23829.7
892 21664.5
893 21780.3
894 21503.7
895 21903.3
896 22267.1
897 20102.6
898 22449.9
899 19901
900 23749.4
901 21183.6
902 23117.9
903 18698.2
904 21786.1
905 22137.3
906 23098.6
907 22785.3
908 24171.5
909 21060.4
910 24256.5
911 19971.2
912 22309.8
913 23118
914 22255.2
915 21257.2
916 20244.3
917 20677.4
918 21457.5
919 21043.9
920 21848.4
921 21697.9
922 19996.5
923 22833.9
924 22106.4
925 21962.5
926 22741.7
927 20167
928 21322
929 18951.5
930 21414
931 21083.2
932 21451.7
933 21212
934 21936.9
935 21338.4
936 21701.9
937 22368.1
938 23030.1
939 20982.3
940 21321.9
941 20937.1
942 21434.6
943 19254.8
944 21248.8
945 20906.6
946 21504.8
947 20887.2
948 21179.6
949 19806.3
950 23342.3
951 23946.3
952 22206.3
953 20857
954 20807.9
955 21554.2
956 20418.8
957 23179.9
958 21658.6
959 22092.2
960 21777.4
961 20726.1
962 21312.6
963 21342.1
964 21782.1
965 20465.6
966 22302.1
967 21350.8
968 20717.9
969 21436
970 22533.5
971 21180.5
972 23159.3
973 20614.4
974 22474.2
975 22490.4
976 21751.6
977 21860.3
978 22845.3
979 23702.3
980 21613.1
981 22082.4
982 22238.6
983 22241.2
984 21683.4
985 24098.6
986 22203.8
987 21417
988 22945.1
989 23372.9
990 21928.7
991 21102.5
992 22087.4
993 22025.2
994 23353.4
995 21017.7
996 21777.2
997 23024.6
998 21945.8
999 21403.6
1000 22700.7
1001 20956
1002 23281.3
1003 22816.6
1004 24165.9
1005 23397.5
1006 22966.4
1007 22881.6
1008 21937.5
1009 21560.7
1010 23377.3
1011 21125.6
1012 21638.2
1013 21709.1
1014 22721.6
1015 20810.6
1016 22485.1
1017 23281.1
1018 22030.3
1019 23493.5
1020 21757.8
1021 22115.3
1022 22449.8
1023 22023.1
1024 23722.7
1025 22348.9
1026 23264
1027 21886.6
1028 21879.1
1029 21590.6
1030 23577.5
1031 21358.3
1032 21835.2
1033 22629.8
1034 22658.1
1035 21870.6
1036 21388.7
1037 22706.5
1038 22585.5
1039 24569.6
1040 23584.6
1041 19436.7
1042 21251.3
1043 23299.8
1044 22158.3
1045 22086.8
1046 22876.2
1047 22741.5
1048 20415
1049 21024.3
1050 23078.8
1051 22570.7
1052 23430.6
1053 20672.4
1054 24317.6
1055 21707.2
1056 23138.5
1057 22642.6
1058 22189.4
1059 24224.5
1060 23642.1
1061 21515.8
1062 22877.3
1063 20690.7
1064 23024.9
1065 21889.1
1066 23522.6
1067 24893
1068 21978.9
1069 24020.8
1070 23701.5
1071 20128.2
1072 22561.9
1073 22966.3
1074 24807.8
1075 21667.6
1076 22036.4
1077 22523.2
1078 23732.9
1079 23082.3
1080 23371.7
1081 23749.3
1082 21100
1083 20567.5
1084 21824.4
1085 22244.3
1086 23571.9
1087 24980.9
1088 23665.8
1089 20667.3
1090 21627.3
1091 23343.9
1092 21535.5
1093 22838
1094 22540.2
1095 22333
1096 23538.5
1097 21100.9
1098 22520.4
1099 24023.6
1100 23691.6
1101 24088.1
1102 23250.8
1103 23542.1
1104 21453
1105 23716.3
1106 24220.1
1107 23456.5
1108 21922.4
1109 21294.4
1110 21212.8
1111 21399.5
1112 22719.5
1113 23542.7
1114 20043.7
1115 21748.5
1116 21802.5
1117 23596.5
1118 22991.8
1119 20819.6
1120 21241.7
1121 22783.2
1122 21449.9
1123 24216.1
1124 23856.2
1125 22310.9
1126 22974.6
1127 20743.3
1128 23176.5
1129 22085.2
1130 23533.1
1131 24181.7
1132 22856.4
1133 23470.6
1134 24439.1
1135 22840.7
1136 22056.9
1137 23718.5
1138 21681.1
1139 21522.4
1140 22323.4
1141 22248.3
1142 22870.5
1143 23449.8
1144 21827
1145 23329.9
1146 18919.2
1147 23096.2
1148 24134
1149 22861
1150 21215.4
1151 22906.3
1152 21449.5
1153 22940.6
1154 22747.6
1155 21080
1156 22139.4
1157 24331.4
1158 23155.8
1159 20623.7
1160 23378.6
1161 22248
1162 21207.8
1163 22100.3
1164 21597.6
1165 23041.7
1166 22808.3
1167 22179.9
1168 22877.3
1169 23136.2
1170 23552.5
1171 22118.6
1172 22836.5
1173 23262.7
1174 23281.1
1175 22958.7
1176 23303.8
1177 23756.5
1178 22050.9
1179 24465.6
1180 22317.9
1181 22184.6
1182 20911.9
1183 23771.1
1184 23479.3
1185 21580.6
1186 22823.2
1187 24443.2
1188 21163
1189 22491.9
1190 21009.8
1191 20610.6
1192 21001.8
1193 23225
1194 22912.1
1195 22971.5
1196 21328.1
1197 22253.6
1198 25233.8
1199 23595.7
1200 23534.3
1201 23603.6
1202 19926.3
1203 23265
1204 23159.1
1205 20666.3
1206 22990.9
1207 22686.7
1208 21303.8
1209 21654.2
1210 21393.1
1211 21181.7
1212 22972.3
1213 22015.6
1214 23951.6
1215 22273.7
1216 20932.2
1217 22703.8
1218 21218.7
1219 22935.8
1220 23113.5
1221 22467.5
1222 24012.7
1223 22040.8
1224 23450.1
1225 22286.8
1226 21169.8
1227 24039.3
1228 22962.8
1229 21631.1
1230 21497.4
1231 22486.7
1232 23243.9
1233 22684
1234 23880.4
1235 23277.5
1236 21919.2
1237 23305.9
1238 22766.8
1239 23197.3
1240 21706.4
1241 21345.2
1242 20218.1
1243 23460.2
1244 22021.9
1245 22872.5
1246 20133.2
1247 24260.6
1248 22993.2
1249 21055.5
1250 24436.4
1251 24991.4
1252 22254.3
1253 25127.3
1254 22638.7
1255 21099.8
1256 21354.1
1257 23803.5
1258 22740.9
1259 22950.1
1260 20435.9
1261 25124.4
1262 22733.7
1263 25219.3
1264 23947.8
1265 23135.4
1266 22793
1267 24077
1268 20983.8
1269 21689.1
1270 24155.1
1271 25120.1
1272 21806.6
1273 23936.2
1274 20665.3
1275 23625.5
1276 24069
1277 22481.2
1278 21286.2
1279 22605.6
1280 22392.4
1281 21523.3
1282 21216.6
1283 21783.8
1284 21891.6
1285 22613.1
1286 22822
1287 22286.4
1288 21131.4
1289 24517.4
1290 20748.8
1291 22642.3
1292 19957.3
1293 24136.1
1294 20739.3
1295 24102.9
1296 23686.4
1297 22255.9
1298 22415.6
1299 22877.3
1300 22528.1
1301 21863.7
1302 23079.9
1303 23237.6
1304 22892.5
1305 21972
1306 21636.6
1307 23469.3
1308 22574.5
1309 23262.8
1310 22555.7
1311 21860.5
1312 21630.3
1313 22895
1314 22154.4
1315 20261.7
1316 22094.7
1317 22936
1318 22976
1319 23203.9
1320 24595.6
1321 24277.4
1322 23695.4
1323 22809.4
1324 22457.9
1325 23052.8
1326 21637
1327 24254.5
1328 22414.3
1329 21800.1
1330 22027.9
1331 23320.6
1332 22725.6
1333 21824.8
1334 22570.7
1335 22170.9
1336 22231.4
1337 20966.4
1338 21955.4
1339 22046.3
1340 22104.8
1341 22853
1342 21328.9
1343 23084.6
1344 22340
1345 22016
1346 20757
1347 21789.6
1348 21405.2
1349 22836.3
1350 21973
1351 23434.9
1352 22021.7
1353 22666.7
1354 22876.8
1355 22310.2
1356 22438.2
1357 20542.4
1358 23549.1
1359 21367.6
1360 19017.2
1361 22965
1362 22988.8
1363 22471.8
1364 23225.7
1365 23945
1366 21016.7
1367 22963.3
1368 23913
1369 23109.4
1370 21769.1
1371 22228.8
1372 22586.1
1373 23633.9
1374 23886.5
1375 19625.6
1376 23292.6
1377 24534.4
1378 23429.1
1379 21935.2
1380 22711.4
1381 21390.8
1382 22331.9
1383 22086
1384 23482.9
1385 22642
1386 22353.5
1387 21863.9
1388 20801.3
1389 21178.6
1390 21826.9
1391 23889.7
1392 21897.5
1393 22528.7
1394 21734.9
1395 23143.3
1396 23894.4
1397 22320.9
1398 24314.5
1399 25657.5
1400 24596.6
1401 21727.1
1402 21339.3
1403 22668.4
1404 26422.9
1405 22338.3
1406 23472.5
1407 23549.1
1408 22627.6
1409 23073.4
1410 21668.9
1411 23162.6
1412 21236.6
1413 21917.2
1414 23076.7
1415 23641.2
1416 21182.7
1417 22598.8
1418 21179.8
1419 22950.9
1420 24214.9
1421 21978
1422 23784.9
1423 19717.4
1424 21781.1
1425 23794.4
1426 23106.6
1427 24095.9
1428 25435.1
1429 23113.4
1430 21001.2
1431 23997.4
1432 21134.8
1433 21165.3
1434 23138.6
1435 22691.6
1436 20643.8
1437 24298.9
1438 21414.1
1439 23139.1
1440 25538.6
1441 23091.8
1442 22191.1
1443 25772.9
1444 20545.5
1445 23224.1
1446 23996.7
1447 23981.3
1448 22194.3
1449 20317.4
1450 22941.4
1451 21709
1452 23044.2
1453 21325.1
1454 24772.3
1455 22797.1
1456 22012.2
1457 22813
1458 23301
1459 24044.8
1460 22054.3
1461 23927.3
1462 23252.3
1463 20177.1
1464 24130.2
1465 20095.5
1466 22593.3
1467 23004.9
1468 22835.5
1469 22373.7
1470 22238.4
1471 23771.9
1472 20943.5
1473 22516
1474 21845.5
1475 23633.6
1476 20860.6
1477 24366.8
1478 22541.5
1479 26279.3
1480 23420.7
1481 20716
1482 22871.7
1483 25007.1
1484 23110.1
1485 22477.9
1486 22953.9
1487 22093.3
1488 20635.9
1489 21406.2
1490 23860.4
1491 21953.7
1492 19923.4
1493 23979.9
1494 21797.2
1495 21379
1496 23438
1497 23998.2
1498 21975.4
1499 22047.2
1500 23423.3
1501 24168.8
1502 24016.3
1503 25956.2
1504 25396.6
1505 23703.4
1506 22320.4
1507 22742.6
1508 19341.9
1509 23859.4
1510 23618.3
1511 21567.4
1512 22569.5
1513 23409.6
1514 23625
1515 22866.8
1516 25498.6
1517 21998.5
1518 26437.5
1519 21383.9
1520 20817.6
1521 22929.3
1522 21566.6
1523 21961.7
1524 21979.8
1525 23823.5
1526 22503.6
1527 22448.8
1528 21092.8
1529 24311.6
1530 20634.5
1531 23316.4
1532 23857.3
1533 22048.7
1534 23881.3
1535 22845.5
1536 19778.8
1537 20402.1
1538 22438.3
1539 22856.3
1540 24158.4
1541 24006.3
1542 24876.4
1543 21673
1544 22870.5
1545 21766.7
1546 22757.8
1547 20861.1
1548 22427
1549 23266.5
1550 22143.9
1551 20986.5
1552 23960.7
1553 19973.5
1554 23168
1555 24264.3
1556 23310.4
1557 23900
1558 24179.7
1559 23207.3
1560 24300.1
1561 23400.6
1562 21592.3
1563 22672.9
1564 24451
1565 24258.5
1566 22741.5
1567 21500.8
1568 22363.8
1569 22667.8
1570 22282.5
1571 22574.2
1572 21100.3
1573 23156.8
1574 21495.8
1575 21473.3
1576 22707.2
1577 24125.6
1578 22698.3
1579 19391.8
1580 22981.6
1581 23337.1
1582 25593.5
1583 22591.1
1584 24812.1
1585 23324.7
1586 22094.8
1587 22770.7
1588 22754.7
1589 24310.6
1590 22581.1
1591 23186.5
1592 23418.2
1593 24581.6
1594 22894.9
1595 22539.5
1596 24549.9
1597 22426.4
1598 22241.5
1599 24044.2
1600 23280.1
1601 21986.3
1602 25530.8
1603 24401.1
1604 23897.6
1605 21174.1
1606 22050.6
1607 22689.5
1608 22153.1
1609 21107.5
1610 24799.1
1611 22254
1612 22958.8
1613 23189.8
1614 23601.8
1615 23982.8
1616 19652
1617 21019.7
1618 21265.5
1619 22274.2
1620 22761.3
1621 23588.2
1622 21550.3
1623 20664.4
1624 22355
1625 20987.4
1626 21150.9
1627 21436.3
1628 19233.7
1629 22860.6
1630 21521.6
1631 23207.7
1632 23257.1
1633 22966.6
1634 22664.1
1635 21568.1
1636 22271.6
1637 22389.5
1638 23970.4
1639 21695.1
1640 22030.5
1641 23116.8
1642 23539.9
1643 22694.2
1644 23008
1645 22705.2
1646 23325.4
1647 24156.4
1648 21538.2
1649 21001.7
1650 22363.7
1651 22448
1652 23961
1653 24725.2
1654 22749.1
1655 22582.5
1656 23356.4
1657 23947.7
1658 23224.7
1659 23454.6
1660 24349.5
1661 22657.6
1662 24103.1
1663 24197.4
1664 23150.5
1665 21737
1666 22451.1
1667 21761.2
1668 22208.5
1669 24352.6
1670 21614.1
1671 22543.6
1672 23124.9
1673 24452
1674 21442
1675 22374.1
1676 21988.9
1677 25051.5
1678 22857.8
1679 22449.9
1680 22658.9
1681 21582.6
1682 22237.1
1683 22401.8
1684 23099.6
1685 23157.9
1686 20722.6
1687 24587.2
1688 22261.3
1689 23286.1
1690 22982.6
1691 23768.4
1692 24323.3
1693 21489
1694 22860.5
1695 22790.5
1696 23023
1697 22955
1698 22559.4
1699 23439.6
1700 22509.8
1701 22484.6
1702 24466.2
1703 22425.9
1704 24506.9
1705 23409.9
1706 23389.6
1707 18041.1
1708 21423.8
1709 24104.9
1710 24064
1711 22332.7
1712 21966.7
1713 23139.9
1714 21531.8
1715 23707.4
1716 22907.2
1717 21330.4
1718 22779.1
1719 24816.7
1720 20826.8
1721 23277.8
1722 22695.9
1723 23579.7
1724 24214
1725 22820.7
1726 21653.9
1727 24763.5
1728 23794.5
1729 24320.8
1730 21286.1
1731 23039.1
1732 21413.2
1733 21955.9
1734 23750
