iteration objective
0 76410
1 70895.8
2 65966.2
3 58597
4 58839.9
5 55182.4
6 50137.6
7 48726.8
8 48994.4
9 47029.7
10 48965.6
11 46904.8
12 45049.5
13 44814.4
14 44082.5
15 41804.4
16 40376
17 39909.1
18 40971.7
19 38928.4
20 40301.2
21 40232.5
22 39369.6
23 37416.9
24 37431.6
25 40695.2
26 37769.9
27 35381.4
28 36873.2
29 34268.3
30 33771.2
31 33931.1
32 33823.7
33 37879.8
34 34636.1
35 34709.1
36 35379
37 36066.2
38 33859.7
39 30909.5
40 33392.2
41 31626.8
42 31364.4
43 34068.2
44 31642.9
45 29690.3
46 30537.1
47 32109.8
48 31556.7
49 31699.2
50 30889.5
51 32183.9
52 30300.4
53 31895.1
54 32250.2
55 30174.3
56 30788.9
57 32068.9
58 29890.4
59 28700.5
60 30534.6
61 29691.2
62 28636.5
63 29003.6
64 29801.9
65 25886.2
66 29281.7
67 27934.4
68 27360.6
69 29280.8
70 25920.9
71 28208.5
72 27176.5
73 26533.5
74 27742.1
75 26438.2
76 26007.8
77 27277
78 25391.7
79 27647.9
80 25384.5
81 26882.5
82 26895.4
83 24433
84 28049.1
85 24915.4
86 23837.8
87 25990.5
88 24069
89 25183.6
90 26837.9
91 26592.4
92 24859.4
93 23901.7
94 24880.6
95 24616.8
96 25598.2
97 25139.1
98 25029.6
99 25041.6
100 24325
101 25130
102 25369.4
103 25245.3
104 26282.5
105 25434
106 25824.2
107 24748.5
108 25070.1
109 25394.3
110 24962.4
111 24245.7
112 25498
113 23958.3
114 24077.3
115 24790.6
116 23523.9
117 26397
118 24953.1
119 25779.9
120 24679.2
121 24432.2
122 26353.8
123 23025.9
124 23148
125 24347.6
126 24565.4
127 24290.9
128 24633.9
129 22269.3
130 23885.4
131 25741.3
132 23207.6
133 24425.4
134 24777.5
135 24352.4
136 23847.8
137 23078.8
138 23703.2
139 22732.9
140 23160.1
141 24498.8
142 24304.1
143 25372.7
144 23102.5
145 24797.6
146 23509.9
147 23225.1
148 23623.7
149 23987.1
150 25006
151 24418.2
152 24907.6
153 23808.1
154 24878.8
155 23764.4
156 23727.2
157 24053.1
158 22912.3
159 24541
160 23730.6
161 23167.2
162 25221
163 26968.8
164 23473.4
165 24832.4
166 24205.6
167 23367.5
168 24091.6
169 24780.1
170 23833.2
171 23485.3
172 23604.1
173 24339.3
174 22411.1
175 25777.2
176 22662.6
177 21436.1
178 23279.1
179 24361.9
180 25470.7
181 23597.3
182 21181
183 22982.6
184 24234.7
185 24118.2
186 23073.3
187 22927.8
188 23540
189 23727.1
190 25298.7
191 23701.5
192 24720.1
193 24517.1
194 24295.2
195 24260.6
196 24971.7
197 23937.4
198 23568.4
199 25142.8
200 24599.8
201 25023.2
202 23412.7
203 22870.4
204 22889.1
205 24543.4
206 22188.5
207 24094.4
208 25021.5
209 23291.9
210 24547.3
211 25038
212 23790.6
213 24734.8
214 23418.9
215 22639.8
216 23239.2
217 23040
218 22250.4
219 23082.8
220 25168.2
221 23973.8
222 23681.8
223 24765.6
224 25220.8
225 24118.3
226 24820.7
227 23790.1
228 22991.4
229 24991.6
230 24007.7
231 22532.7
232 24453.5
233 24337.8
234 24819.5
235 26052.8
236 25530.9
237 22815.3
238 26003.4
239 24752.7
240 25139.5
241 23463.3
242 23585.1
243 22747.3
244 26712.2
245 23838.3
246 24167.9
247 24534.6
248 24811.8
249 25003.7
250 22969.8
251 23593.8
252 24302.8
253 24315.5
254 24121
255 24920.8
256 25486.4
257 23270.4
258 24422.5
259 24283.9
260 22987
261 23661
262 24215.6
263 23905.7
264 23984.5
265 24591.3
266 22716
267 22228.6
268 23537.5
269 22980.4
270 23113
271 24698.2
272 21338.6
273 23443.1
274 22754
275 22985.8
276 22565.9
277 22908.2
278 24596
279 21968.9
280 23112.3
281 24626.4
282 23460.4
283 25233.5
284 23993.1
285 23728.5
286 23523.4
287 22127.2
288 24379.8
289 23490.1
290 23075.6
291 22702.4
292 24050.8
293 22916.1
294 23874.1
295 25296.6
296 23744.1
297 23493.1
298 25811.3
299 22574
300 24922.6
301 23041
302 22560.5
303 22756.9
304 23469.8
305 23194
306 23890.9
307 23591.2
308 25035.6
309 24243.1
310 24786.6
311 23400.2
312 24735.1
313 25535.4
314 23848.2
315 23969.8
316 24569.9
317 24632.2
318 23796.5
319 23166.4
320 23723.1
321 24162.8
322 24565
323 22339.3
324 23212.3
325 23793.9
326 23575.7
327 23896.6
328 24834.9
329 24007.8
330 22385.8
331 23686.8
332 23389.4
333 23678.2
334 24235.1
335 24757.5
336 24185.8
337 24682.8
338 23042.5
339 24822.7
340 25011.7
341 24927.8
342 24791.4
343 24247.9
344 24644.6
345 23580.3
346 23814.3
347 24126.9
348 23754.3
349 24598.5
350 23379.6
351 22999.2
352 24629
353 23740.1
354 25152.2
355 23497.2
356 24257.7
357 25094.5
358 24363.6
359 22590.8
360 23191.7
361 24686.5
362 24671.8
363 24547.2
364 21977.8
365 24463.2
366 23400.1
367 24709.4
368 22703.1
369 23896.6
370 25524.2
371 23360.1
372 23406.7
373 24620.5
374 23664.1
375 23808.9
376 22719.2
377 24133.2
378 24515.1
379 25071
380 22874.7
381 23091.4
382 23826.5
383 23242.4
384 24221.4
385 24112.9
386 24407.5
387 23313
388 23259.5
389 23323.2
390 23493
391 24649.5
392 23741.6
393 24110.3
394 23950.2
395 24095.3
396 23917.2
397 23248.3
398 23742.5
399 23477.9
400 24989.2
401 24707.6
402 22815.2
403 22594.2
404 23185
405 23926.6
406 23803.9
407 22585.3
408 23967.9
409 24418.6
410 23223.1
411 24425.8
412 24973.8
413 23639.5
414 23558.1
415 25030.6
416 24100.2
417 23460.6
418 23225.6
419 23953.7
420 23876
421 23886.5
422 23578.6
423 23026.9
424 24619.1
425 22176.8
426 24207.9
427 24680.3
428 24304.6
429 25046
430 23941.9
431 23277.2
432 23087.8
433 24162.4
434 25326.8
435 23456.2
436 23248.2
437 24757.7
438 22061.3
439 24050.8
440 24339.3
441 23231.5
442 22492.3
443 24171.4
444 25196.2
445 23787.9
446 22825
447 24789.8
448 24119.3
449 23312.8
450 23605.8
451 22442.1
452 25328.7
453 23916.9
454 23711.6
455 24630.7
456 24197
457 23776.4
458 23991.8
459 24548.5
460 24029
461 24034.8
462 24187.4
463 23729.7
464 23637.1
465 24021.9
466 23965.5
467 22713.2
468 25235.4
469 22936.1
470 23478.2
471 23390.7
472 23589.6
473 24563.2
474 24344.9
475 23351.4
476 23460.2
477 24808
478 22487.5
479 23667.9
480 23343.3
481 24206.1
482 24621.6
483 23808.1
484 22736.9
485 23747.9
486 23433.3
487 24861.1
488 24563.5
489 24397.9
490 23636.1
491 22684.4
492 24292.3
493 24481.5
494 23679.8
495 24055.6
496 24561.7
497 22812.7
498 23408.8
499 24808
500 23839.2
501 23884.7
502 23216.5
503 23884.1
504 23254.7
505 24944.2
506 24100.1
507 22302.7
508 22919
509 23472.2
510 23611.3
511 25123
512 23587.5
513 23505.5
514 24494.2
515 23463.2
516 23774.1
517 21701.4
518 24084.4
519 23630.2
520 24887
521 24178.5
522 23346.8
523 25066.2
524 24909.9
525 23815.8
526 23300.4
527 22986.7
528 22170.6
529 23663.5
530 24479.7
531 25177.8
532 23779.7
533 23283.2
534 23952.3
535 24118.9
536 23441.7
537 23302.2
538 24239.8
539 24963.2
540 23679.5
541 23615.9
542 22995.7
543 23347.3
544 25122
545 22467.2
546 23326.1
547 23771.3
548 24176.7
549 23380.1
550 23597
551 23779.8
552 24925.7
553 22645.6
554 24191.7
555 23931.1
556 24126.9
557 23872.4
558 25708.2
559 23901.3
560 24581.6
561 23094.7
562 24208.8
563 24725.3
564 22386.9
565 23578.2
566 23076.5
567 24812.6
568 23378.4
569 23655.4
570 25080.4
571 23389.7
572 24688.4
573 23171.8
574 23559.3
575 21643.1
576 23673.2
577 24050.1
578 22867.4
579 23638.6
580 23262
581 23035.2
582 23438.8
583 23805.9
584 23483.5
585 23235.2
586 21946.9
587 22727.4
588 24607.5
589 24286.8
590 24163.2
591 24285.9
592 22858.2
593 23410.2
594 23775.1
595 24583.6
596 23548.8
597 22352.9
598 23618.1
599 24089.3
600 24077.8
601 24139
602 24422.6
603 23950.3
604 24183.8
605 24252.6
606 22983.9
607 23108.6
608 23740.6
609 23132.4
610 22543.6
611 24274
612 23019.1
613 22623.4
614 22871.7
615 23321.7
616 24748.4
617 23951.7
618 24582.6
619 23871.2
620 24669.2
621 24622.7
622 24009.2
623 25571.3
624 24031.3
625 23397
626 23188.7
627 25497.1
628 22669
629 23506.2
630 24057.1
631 23757.5
632 22485.1
633 23008
634 23891.5
635 23177.6
636 24407.8
637 24202.8
638 24512.1
639 24405.4
640 23145.6
641 23035.6
642 24279.7
643 23387.7
644 22583.3
645 23141.7
646 24530.6
647 23978.3
648 24269.2
649 24200.1
650 23008.6
651 23881.9
652 24050.7
653 23539.9
654 24035.3
655 23941.4
656 23680.2
657 24443
658 23478.6
659 23296
660 24189.9
661 23483.4
662 23706.3
663 23335.4
664 24565.7
665 22971
666 23786.9
667 22499.2
668 23383.2
669 23898.5
670 24338.8
671 24303.8
672 24564.5
673 22696.4
674 23991.8
675 23518.8
676 23648.6
677 23702.3
678 24658.8
679 23883.2
680 24113.1
681 24288.5
682 23872.4
683 25444.3
684 22212
685 24399.7
686 23334.6
687 22912.1
688 23543.4
689 24025.7
690 22531.5
691 24605.5
692 23004.4
693 23211.5
694 23462
695 24944.2
696 25828.5
697 22237.9
698 23828.1
699 23695.2
700 23943.4
701 23736.8
702 23105.9
703 22843.5
704 22964.9
705 22977.7
706 22886.2
707 24909.9
708 23516.5
709 24307.2
710 23333.8
711 24127.5
712 23913.9
713 22592.5
714 23930.8
715 24869
716 25064
717 23568.8
718 24317.6
719 24421.3
720 24137.7
721 23373.3
722 23202.9
723 23359.2
724 23389.4
725 24252.3
726 22994.9
727 24367.5
728 24179.3
729 22890.9
730 23813.6
731 23191.5
732 24176.2
733 24656.2
734 23997.2
735 23092.9
736 23417.6
737 22073.2
738 23712.4
739 23344.1
740 24268.9
741 24647.2
742 24125.6
743 22785.2
744 23841.2
745 23974.4
746 21920.1
747 22807.9
748 23415
749 24410.3
750 23638.1
751 23400.1
752 23589.5
753 23324.7
754 23314.4
755 24803.9
756 24297.9
757 22975
758 23693.8
759 22735.1
760 23541.8
761 23116.4
762 25202.7
763 23611
764 23573.8
765 24118
766 24950.2
767 23002
768 24054.8
769 24260
770 24552.8
771 22467.5
772 24747.3
773 23567.1
774 22195.7
775 23863.2
776 24432.2
777 26123.5
778 24419.3
779 22880.9
780 25139.8
781 23672.6
782 24229.4
783 23967.8
784 24811.2
785 23226.2
786 23236.6
787 25292.2
788 23064.9
789 24733.8
790 23205.2
791 21763.5
792 24779.5
793 23044.8
794 24250.8
795 23872.3
796 23324.9
797 24031
798 24072
799 23359.3
800 23512.1
801 23831.3
802 24558.1
803 25176.9
804 23981.4
805 24541.1
806 23480.1
807 23535.6
808 23827.5
809 24523.1
810 26231.6
811 23715.5
812 22716.3
813 23117
814 23163.3
815 23263
816 22702.6
817 23339.8
818 24480.2
819 23202
820 24117.9
821 24646.6
822 21460.9
823 22548.8
824 23999.9
825 24268.7
826 22716.5
827 23122.5
828 24019.2
829 22947.9
830 22661.5
831 24595.8
832 26047.5
833 23889.5
834 25681.7
835 23848
836 23651.5
837 23818.6
838 24027.2
839 23028
840 23636.8
841 24104.3
842 23428.2
843 23870.8
844 22935.7
845 23656.7
846 22411.9
847 24564.4
848 24229
849 24677
850 23189.4
851 23907.7
852 22957.4
853 23791.7
854 23099.6
855 23776.3
856 23834.4
857 22877.4
858 23441.3
859 22859.9
860 23727.7
861 24910.1
862 23784.9
863 23852.9
864 23692.7
865 24025.7
866 24776.7
867 23863.7
868 23432
869 22878.9
870 23258.1
871 23970
872 24491.3
873 22948.7
874 23923.9
875 23516.2
876 22835.1
877 24886.2
878 24610.7
879 22809.3
880 21033.6
881 25126.2
882 23795.5
883 24679.7
884 23270.1
885 24105.1
886 23623.4
887 23155.2
888 23604.2
889 23571.7
890 24884.9
891 23373.9
892 22829.3
893 22501.2
894 23995.1
895 24185
896 24298.4
897 22994.5
898 23440.9
899 22712.6
900 23998.7
901 23472.8
902 24666.2
903 22227.3
904 23788.8
905 24152.3
906 24303.9
907 23724.1
908 23282.1
909 24102.3
910 23471.6
911 23205.9
912 24183.1
913 23565.2
914 24018.6
915 23555.2
916 23729.8
917 24413.5
918 23433.4
919 24458.9
920 23171
921 23086
922 24319.2
923 23678
924 23073
925 23873.1
926 24056.3
927 24218.1
928 24657.7
929 23626.8
930 24038.2
931 23967.4
932 24297
933 23473.5
934 23706.1
935 24467.7
936 23117.9
937 24513.6
938 24926.4
939 23890.4
940 22805.7
941 22962.2
942 23055.9
943 23772.5
944 24471.2
945 25569.6
946 24657
947 24067.8
948 23942.2
949 24411.9
950 24795.3
951 23486.6
952 25725.7
953 24165.1
954 23850.8
955 21900.3
956 24605.1
957 23339.4
958 23802.1
959 23408.1
960 25821.9
961 24792.8
962 24566.9
963 23693.3
964 23165.8
965 24561.7
966 22468.5
967 23084.5
968 24809.7
969 23558.6
970 22806.4
971 22718.5
972 22517.2
973 25679.5
974 23420.4
975 24302.8
976 23404.7
977 23470.6
978 24040.6
979 24947.5
980 24663.5
981 25384
982 23557
983 25602.4
984 23613.6
985 23795
986 23707.5
987 24106.9
988 23474.9
989 23080.6
990 24009.7
991 23869.4
992 23322.1
993 24518.5
994 24213.6
995 23588.7
996 22882.1
997 24241.3
998 25270.8
999 25708.5
1000 22225.6
1001 24155.9
1002 23618
1003 24598
1004 22582.6
1005 23564.4
1006 23741.2
1007 24399.9
1008 23892.3
1009 23703.5
1010 23676.3
1011 23754.5
1012 23175.1
1013 24079.6
1014 23177
1015 22486.9
1016 23894.7
1017 23733.4
1018 23970.8
1019 22945.9
1020 23233.7
1021 24008.7
1022 24463.3
1023 23194.5
1024 24027.3
1025 22641.2
1026 22407
1027 24045.1
1028 24510.5
1029 23969.3
1030 23980.7
1031 24280.7
1032 24026.5
1033 22680.9
1034 24188.1
1035 22711.7
1036 23838.1
1037 22951.9
1038 22509
1039 23610
1040 25992
1041 24649
1042 22485.4
1043 24149.1
1044 24166.9
1045 24309
1046 24046
1047 24062.5
1048 22956.6
1049 24428.6
1050 23483.6
1051 24031.7
1052 24672.4
1053 24202.3
1054 23707.3
1055 22812.9
1056 23662.7
1057 23943
1058 24142.7
1059 23509.6
1060 24393.1
1061 23147.1
1062 23996.3
1063 24510.1
1064 22787.7
1065 24671.5
1066 23637.2
1067 23459.4
1068 21990.6
1069 23442
1070 23910.9
1071 23508.3
1072 24551.9
1073 25039.3
1074 22518.9
1075 24425.4
1076 23344.3
1077 22925.2
1078 23722.7
