iteration objective
0 44257.9
1 41339.7
2 37080.1
3 37273.4
4 35521.3
5 33907.8
6 31953.9
7 33893.5
8 30420.2
9 32341.5
10 29288.7
11 30392
12 29136.7
13 27726.8
14 27934.4
15 29817.4
16 28995.4
17 26777.2
18 28548.3
19 27748.5
20 29371.6
21 26717.1
22 28496
23 28162.2
24 26698.6
25 28302.9
26 28620.6
27 27259.9
28 27555.8
29 27559.9
30 28653.5
31 28687.8
32 27787.2
33 27966
34 29740.7
35 28711.5
36 28558.5
37 26210.1
38 28003.9
39 27720.3
40 26973.7
41 27424.3
42 27335.8
43 26583.2
44 28719.6
45 28541.3
46 27702.2
47 27829.9
48 28544.2
49 27869
50 27702
51 29185.6
52 26702.1
53 27109.2
54 26881.5
55 27774.2
56 26652
57 27943.8
58 26301.6
59 28544.5
60 27763.7
61 28144.3
62 27720.6
63 28476.2
64 27334.7
65 28628
66 27168.6
67 27805.3
68 27568.5
69 26802.8
70 28190.5
71 26649
72 28811.4
73 27375.5
74 29953.1
75 25992.2
76 25857.2
77 27787.7
78 29076.1
79 27884.6
80 27755.3
81 26699.4
82 26538.9
83 26068.5
84 28198.5
85 26992.1
86 27462.3
87 28470.5
88 27610.1
89 28425.1
90 28123.4
91 27210.8
92 27302.7
93 27560
94 27436.9
95 30164.4
96 28041.3
97 28781.2
98 26171.6
99 28839.6
100 27687.7
101 28834.5
102 26726
103 26567.2
104 27886.8
105 28752.1
106 26245.7
107 27395
108 28636.7
109 28216.1
110 27997.3
111 27103.7
112 27581.7
113 28232.8
114 27604
115 28116.5
116 27362
117 27152.3
118 27504.5
119 28577.1
120 27407.7
121 27862.6
122 27120.9
123 27741.3
124 27779.1
125 28572.7
126 28499.3
127 27138
128 28267.4
129 28062.3
130 27262.5
131 28163.8
132 28386.5
133 26995.4
134 26787.9
135 27144.8
136 27225.2
137 27426.3
138 28623
139 27590.1
140 26935.8
141 30028.8
142 26929.8
143 26831.5
144 28192.7
145 27182.3
146 26214.5
147 25901.6
148 27856.2
149 27812.4
150 28142.1
151 26764.4
152 27027.4
153 28952.7
154 28076.7
155 26856.3
156 27791.6
157 27041.1
158 28954.7
159 26506.2
160 27258.3
161 28756.8
162 26950
163 27487.5
164 27506.4
165 27428.8
166 27392
167 27639.2
168 27259.9
169 26901.3
170 27315.2
171 28553.5
172 27620.5
173 27916.4
174 28659.7
175 28782.8
176 26988.3
177 27935.3
178 29419.9
179 27873.8
180 27113.1
181 26827.9
182 27288.7
183 29212.5
184 27226.3
185 28999.3
186 27670.5
187 28286.7
188 27964.1
189 27691.9
190 27199
191 27842.7
192 27100.5
193 27960.2
194 26672
195 27082.4
196 26568.8
197 26346.5
198 28132.9
199 28098.6
200 27284.6
201 28017.6
202 28147.8
203 28123.2
204 27490.9
205 28020.2
206 27110.2
207 28210.1
208 27825.6
209 27998
210 27480
211 27852
212 29055.8
213 28318.6
214 28374.3
215 28136.1
216 27244.8
217 26680.3
218 26912.4
219 27583.9
220 28279.7
221 29089.2
222 26735.7
223 26341.6
224 27714.4
225 27316.8
226 27668.9
227 26443.4
228 28343
229 27438
230 27806.1
231 27495.1
232 26478.3
233 27353.4
234 26969.1
235 28347.8
236 27872.8
237 26443.2
238 27396.4
239 28610.9
240 27836
241 27405.9
242 26951.2
243 27529.5
244 29458.1
245 28624.6
246 29157.5
247 27004.4
248 27803.2
249 28465.4
250 26516.4
251 27222.7
252 27553.7
253 27840.8
254 27211.1
255 28315.3
256 27374.1
257 26652.3
258 27279.8
259 28138.8
260 26283.1
261 27726.1
262 28046.1
263 28467.9
264 28462.8
265 26673.6
266 28203
267 26405.1
268 27794.9
269 28778.5
270 28262.7
271 27598.3
272 26312
273 27829.1
274 25931.8
275 26684.6
276 27837.9
277 27443
278 27971.1
279 28699.6
280 28526.7
281 27401.3
282 27411.4
283 27792.9
284 28985.8
285 28966.8
286 26486.8
287 26357.8
288 26969.5
289 27684.7
290 27332.5
291 28046
292 27373
293 27621.8
294 27549.8
295 28052.2
296 26970.2
297 29391.5
298 26814.4
299 28344.7
300 27857.6
301 28274.9
302 26828.8
303 26825.1
304 27686.4
305 27504.3
306 28594.7
307 28857.5
308 26949.5
309 26994.6
310 28160.6
311 27121
312 28390
313 27999.6
314 27232.4
315 28336.6
316 27418.5
317 27188.9
318 28124.2
319 27225
320 27639
321 27563
322 24637.3
323 26254.5
324 27810.3
325 26865.4
326 27987.2
327 27817.8
328 25903
329 27383.2
330 28012.8
331 28290.9
332 28391.3
333 27968
334 28534.5
335 27436.2
336 28492.1
337 27442.7
338 25121.5
339 26654
340 27341.3
341 27099.5
342 26838.5
343 28442.9
344 27785.6
345 26228.7
346 27376.4
347 27831.7
348 27600.6
349 25995.2
350 26464.2
351 27557
352 28612
353 28055.3
354 26894.5
355 27681.4
356 28590.5
357 28828.9
358 27477.5
359 28696.7
360 27367.4
361 27348.1
362 26505.6
363 28512
364 27661.1
365 26451.7
366 28222.3
367 28109.2
368 26832.4
369 27736
370 27450.9
371 27806.2
372 26792.2
373 27863
374 29460
375 26986.2
376 27086.7
377 27697.8
378 26898.1
379 27427.8
380 27283.9
381 28180.8
382 26281.1
383 27342.7
384 27844.3
385 30306.2
386 27987.7
387 27042.2
388 29238.7
389 27046.7
390 28613.6
391 27401.6
392 27972.4
393 27806
394 26896.1
395 25596.4
396 27489.5
397 27413.4
398 28264
399 27594.1
400 26724.6
401 27734.6
402 26664.5
403 29402.1
404 27417.3
405 28256
406 28143.1
407 27770.7
408 28517.5
409 27742.7
410 29010.5
411 27232.6
412 28115.8
413 27696.3
414 27509.4
415 27075.3
416 28471.8
417 27859.5
418 26350
419 28272.8
420 29273.2
421 29420.5
422 25742.1
423 26567.9
424 27510.5
425 27227.8
426 29233.9
427 26119.3
428 28544.2
429 28034.4
430 28007.8
431 27315
432 27863.8
433 28044
434 26778.5
435 27937.4
436 28016.7
437 27762.3
438 27875.4
439 28073.3
440 26425.6
441 28064.1
442 28980.2
443 29671.3
444 28217
445 26937.7
446 28829.3
447 28405.9
448 29976.9
449 27247.7
450 29116.8
451 26696.7
452 27595.5
453 29448.9
454 27620.9
455 29602.3
456 28324.2
457 27584
458 27679.4
459 27950
460 28804.3
461 27768.6
462 27438.8
463 26685.6
464 28093.2
465 27604.2
466 28294.9
467 26582.3
468 26756.8
469 26345.5
470 26199.3
471 28313.1
472 28750.8
473 28154.5
474 28022.6
475 28516.3
476 28163.1
477 28563.7
478 28981
479 28500
480 28576.5
481 27700.5
482 28593.1
483 28123.2
484 27835.2
485 27660.4
486 26859.9
487 27536.8
488 28403
489 28739.2
490 27342.8
491 28012.4
492 28628.4
493 28883.6
494 26837.1
495 26574.3
496 28177
497 27794.1
498 28118.7
499 28548.9
500 26567.8
501 27758.1
502 27486
503 28347.4
504 27955.4
505 28744.7
506 28614
507 26965.9
508 30471.3
509 28432.6
510 27259.1
511 26404.3
512 28012.9
513 28767.4
514 28645.9
515 28550.1
516 28576.1
517 26294.7
518 26548
519 27187.5
520 28168.1
521 27449.7
522 28256.3
523 26259.6
524 26631.6
525 27522.9
526 29567.3
527 28580
528 26992.2
529 26794.5
530 26206.5
531 27431.3
532 26657
533 28246.4
534 27587.2
535 28316.9
536 28159.7
537 27090.9
538 27623.8
539 26929.9
540 28030.6
541 27961.9
542 28450.9
543 28546.7
544 28466.8
545 28187.2
546 28210.3
547 28437.4
548 29169.1
549 28957.5
550 29858.9
551 27767.4
552 27557.1
553 26471.5
554 29423.9
555 26586.1
556 27593
557 28209.7
558 28318.9
559 27194.5
560 28668.1
561 28556.8
562 27338.5
563 27599.4
564 28979
565 28891.7
566 28235.4
567 28259.8
568 27800.4
569 26936.4
570 28301.3
571 26816.6
572 27085.7
573 28394.7
574 26929.4
575 27199.3
576 28465
577 27572.3
578 27037.9
579 28076.8
580 28065.2
581 29331.8
582 27434.9
583 28295.8
584 28870.8
585 27600.3
586 26731.5
587 26995.2
588 29007.5
589 28306.3
590 26621.2
591 27259.7
592 28070.3
593 27085.2
594 28266
595 27539.7
596 28372
597 27266.5
598 28081.5
599 28958.3
600 27462.2
601 28196.4
602 27860.3
603 29012.7
604 29072
605 26631.3
606 28547.4
607 28119.7
608 28336.1
609 27485.9
610 28003.1
611 27336.9
612 26830.9
613 29546.2
614 27004.1
615 27873.1
616 27322.8
617 28603.1
618 27915.8
619 27236.9
620 29796.3
621 28603.1
622 26483.3
623 27589.3
624 26762.2
625 27961.1
626 27912.4
627 29759.7
628 28128.1
629 26388
630 26395.3
631 28255.2
632 27499
633 28175.3
634 28225.7
635 28395.4
636 27623.5
637 29478.3
638 28230.2
639 28641.5
640 25967.5
641 27843.6
642 28645.8
643 28121.4
644 29203
645 26568.7
646 26533.5
647 30383
648 27391.5
649 26840.1
650 27121.5
651 30474.6
652 27536.5
653 27627
654 27922.8
655 27012.5
656 28586.7
657 27996.2
658 27818.3
659 28984.4
660 27198
661 26982.5
662 26819.5
663 29276.3
664 27582.5
665 28402.2
666 28037.6
667 26817.1
668 28928.6
669 28334.5
670 28554.7
671 28072.7
672 29627.3
673 28489.4
674 27779.6
675 26391.6
676 29171.5
677 27762.3
678 26466.8
679 29241
680 27562.9
681 28639.9
682 27085
683 27240.6
684 26686
685 27666.2
686 26387.1
687 27876
688 28307.2
689 26913.3
690 28743.6
691 25903.2
692 27565.4
693 27712.5
694 27322.8
695 28023.5
696 28313.6
697 27767.9
698 27821.9
699 27385.6
700 28635.3
701 26831.5
702 27470.8
703 27993
704 27648.5
705 27171
706 26916.5
707 27027
708 28554.8
709 28309.8
710 29032.9
711 28323.6
712 29043.6
713 28414.9
714 26908.5
715 27436.4
716 29659
717 26812.7
718 26985.8
719 27395.5
720 28051.8
721 27515
722 28408
723 27662
724 27985.2
725 28092.4
726 28720.2
727 28270.3
728 26876.1
729 27811
730 26793.1
731 28299.5
732 27090.7
733 29151.5
734 27066.5
735 25647.8
736 29719.8
737 28926.8
738 26238.9
739 28072.8
740 28078.9
741 27440.3
742 28195.6
743 26184.2
744 26399.8
745 28172
746 28264.5
747 29338.4
748 27755
749 27316.5
750 28344.1
751 28726.4
752 28122.4
753 28075.5
754 28373.4
755 26625
756 29640.2
757 28374.6
758 26750.2
759 27117.4
760 27157.7
761 28042.6
762 28567.8
763 26165.5
764 27878.5
765 28808.5
766 25893.2
767 26606.1
768 26668.9
769 26750.6
770 28303.2
771 26604.6
772 26382.6
773 28632.3
774 27644.6
775 28253.8
776 25987.3
777 27017.3
778 29144.8
779 26295.8
780 26459.2
781 28608.3
782 28991.4
783 25929
784 27432.6
785 26842.1
786 26871
787 28466.2
788 28194.1
789 28001.6
790 29509.8
791 27767.2
792 27962
793 27450.7
794 28003.7
795 29911.5
796 26339.9
797 27243.8
798 28520.4
799 27742.4
800 27616.5
801 26711.5
802 28823.7
803 29445.8
804 26473.1
805 27268.5
806 27824.2
807 28214.8
808 26851.3
809 27721
810 27037.5
811 27715.6
812 27477
813 27215.6
814 27556.1
815 25423.4
816 25581.9
817 26755.3
818 27835.5
819 27049.1
820 26402.4
821 28320.8
822 29303.2
823 28103.4
824 27774.3
825 28275.3
826 28110.8
827 27709.9
828 27397.4
829 26499.3
830 29603.4
831 29135
832 27651.3
833 27329.3
834 27028.9
835 28578.2
836 26983
837 27125.2
838 28009.4
839 26368.7
840 27653.7
841 28292.7
842 27064.6
843 27147.6
844 28219.9
845 27961.3
846 28063
847 27944.3
848 29496.7
849 27707.5
850 28933.3
851 29971.1
852 28838.3
853 28463.4
854 28226
855 26948.5
856 28132
857 25912
858 27373.4
859 28717
860 28503.1
861 26181
862 28696.6
863 27334
864 27967.6
865 27317.2
866 28076.5
867 28495.8
868 27700.1
869 28509.1
870 28941.7
871 27629.1
872 27612.3
873 26817.6
874 27660.8
875 25846.2
876 27589.9
877 27518.2
878 27087
879 28605.8
880 26858.2
881 27420.9
882 27699.4
883 27752.4
884 27804.3
885 27536.5
886 27633.4
887 27353.8
888 28185.8
889 26947.5
890 29117
891 27550.7
892 29166.6
893 26557.9
894 27058.9
895 27884.5
896 28962.1
897 28498.7
898 27271.9
899 27691.6
900 28098.6
901 26805.4
902 27659.8
903 29173.1
904 28601.7
905 27182.8
906 28411.7
907 26939
908 27789.8
909 29402.7
910 28804.2
911 29279.2
912 28788.9
913 26930.1
914 28981.9
915 29533.7
916 28109.4
917 28531.9
918 27873.3
919 28438.3
920 27101.7
921 28646.4
922 27276.8
923 26963.1
924 27311.9
925 26526.9
926 28627.8
927 27885.6
928 27584
929 28330.4
930 27268.7
931 28438
932 26976.3
933 27132.2
934 26829.5
935 28953.5
936 30166.8
937 28928.5
938 28587
939 27730.7
940 25731.5
941 30164.8
942 27716.9
943 28635.7
944 27927.7
945 29565.8
946 27198.2
947 27592.3
948 27515.3
949 27863.9
950 28181.3
951 27481.8
952 26324.4
953 28082.2
954 28178.5
955 27296.8
956 27381.9
957 27222.2
958 25536.8
959 27362.4
960 26493.8
961 27797.2
962 27218.9
963 26443.9
964 27884.4
965 27919.1
966 28414.8
967 28070.6
968 28523.5
969 28100.5
970 29435.9
971 26967.7
972 27278.2
973 26977.6
974 29128.5
975 26849.5
976 29229.2
977 29685.9
978 27828
979 27141
980 26295.2
981 27783.3
982 27351.9
983 28498.3
984 27501.5
985 27776.4
986 25154.5
987 29000
988 27618.7
989 27622.6
990 28345.7
991 28126.6
992 27474.6
993 26936.6
994 28574.5
995 29712.4
996 27205
997 26541.5
998 27651.5
999 28115.9
1000 27578.5
1001 26100.9
1002 27356.3
1003 28602.4
1004 28015.1
1005 26658.4
1006 27296.9
1007 27758.1
1008 27552.7
1009 27385
1010 26492.4
1011 28010.2
1012 27750.5
1013 28395.7
1014 27706.9
