time accuracy
1719.01 0.985226
3431.13 0.986111
5414.3 0.986587
7079.04 0.986664
8790.68 0.986766
10408.9 0.987158
11919.7 0.987004
13374.7 0.987243
15758.4 0.98726
18286.7 0.987506
20451.2 0.987592
21882.8 0.987464
23229.9 0.987515
25411.7 0.987549
27478.3 0.987447
29491.5 0.987362
31983 0.987345
34945.6 0.987421
38079.5 0.987217
40833.7 0.987362
44359.1 0.987234
46295.1 0.98737
48324.9 0.987277
50370.4 0.987064
52006.5 0.987336
53270.1 0.987294
54714.2 0.987072
56536.3 0.986919
58340.9 0.987302
60327 0.987149
62384.9 0.987072
64141.9 0.987072
65779 0.987055
