time accuracy
4.92651 0.97984
12.9888 0.983717
23.84 0.984061
36.2282 0.984147
49.7385 0.983803
65.3726 0.984578
80.4587 0.984406
97.2072 0.985009
113.006 0.984147
128.409 0.984664
144.139 0.984664
161.737 0.984664
178.445 0.984664
194.93 0.984837
211.626 0.983717
229.192 0.984234
247.185 0.983372
264.665 0.984147
282.167 0.98432
299.805 0.984061
317.586 0.984664
335.51 0.985009
355.722 0.983803
376.055 0.985095
395.577 0.984406
420.193 0.98432
447.439 0.983631
470.091 0.98432
488.958 0.983458
507.929 0.983372
527.559 0.983889
546.598 0.984578
566.886 0.983803
588.474 0.983889
608.881 0.984406
628.917 0.985095
649.108 0.983544
672.786 0.985009
696.375 0.985268
717.773 0.984837
737.221 0.984578
757.542 0.983975
780.5 0.984061
800.441 0.983286
820.38 0.984061
840.285 0.983803
861.493 0.984234
884.278 0.98432
904.44 0.983889
925.503 0.985009
946.691 0.984492
967.151 0.984406
987.721 0.983717
1008.08 0.98432
1029.04 0.983372
1049.37 0.984492
1069.93 0.984061
1091.14 0.983889
1111.91 0.984147
1132.89 0.984751
1153.72 0.98432
1178.27 0.983286
1200.35 0.984578
1221.93 0.98432
1242.94 0.984234
1264.24 0.985268
1285.83 0.984406
1306.6 0.983889
1327.73 0.983717
1348.63 0.984578
1372.05 0.984492
1393.37 0.983889
1414.82 0.983544
1435.38 0.983975
1457.39 0.984406
1478.37 0.984578
1498.92 0.984061
1521.34 0.983372
1542.28 0.983717
1563.68 0.984061
1584.86 0.983889
1607 0.983803
1629.07 0.983717
1651.18 0.984406
1673.62 0.983544
1695.36 0.984923
1720.52 0.983803
1746.54 0.985181
 0.983975
