time accuracy
72.762 0.980443
158.2 0.9832
248.509 0.982769
343.801 0.984492
438.436 0.984664
531.734 0.985095
619.652 0.983544
718.456 0.984751
812.401 0.984492
906.731 0.985526
1003.09 0.98432
1099.39 0.984406
1206.72 0.984406
1309.36 0.984147
1413.26 0.984406
1514.45 0.984492
1618.78 0.983975
1717.83 0.984234
1831.23 0.985354
1962.33 0.984664
2076.19 0.985181
2192.5 0.98432
2296.48 0.984061
2399.37 0.983372
2502.67 0.984492
2603.34 0.983889
2703.85 0.984578
2818.56 0.983803
2937.56 0.984061
3041.21 0.983889
3149.35 0.984061
3264.83 0.983286
3372.07 0.984664
3477.73 0.984664
3575.97 0.984147
3673.6 0.983975
3781.1 0.984234
3877.05 0.984578
3977.38 0.984664
4069.07 0.983975
4172.47 0.984837
4276.69 0.983372
4375.46 0.984406
4476.56 0.984492
4575.07 0.983975
4674.45 0.984147
4776.8 0.983803
4879.67 0.983372
4980.58 0.98432
5079 0.98432
5182.68 0.984664
5281.23 0.983458
5379.48 0.983975
5480.62 0.982855
5581.23 0.983889
5678.42 0.984406
5782.68 0.98432
5887.06 0.983372
5992.01 0.983975
 0.983631
