time accuracy
14.0668 0.90635
28.4998 0.979754
42.99 0.98544
58.296 0.985095
74.9587 0.985784
90.8296 0.985268
106.466 0.98656
121.81 0.987766
137.378 0.986904
154.252 0.986215
170.201 0.986388
187.277 0.986646
203.444 0.987163
220.113 0.98656
238.143 0.986129
255.84 0.986904
272.456 0.986732
290.18 0.986646
307.759 0.987249
324.916 0.986991
341.524 0.986388
359.602 0.986043
378.062 0.986646
396.125 0.985354
412.886 0.985957
430.088 0.986474
451.911 0.986301
472.377 0.986388
489.771 0.985612
506.844 0.986215
523.668 0.986904
