time accuracy
15.1271 0.935556
31.0641 0.973206
46.1562 0.980529
62.8945 0.983717
80.0684 0.984578
96.094 0.986732
111.896 0.985871
127.757 0.985612
144.56 0.985354
162.139 0.985612
181.389 0.985612
198.321 0.986474
214.854 0.984751
232.033 0.985871
249.046 0.985526
265.913 0.987077
282.252 0.985181
298.623 0.985181
315.889 0.985009
332.329 0.984492
348.739 0.986301
365.177 0.986215
381.938 0.986129
398.421 0.98544
414.935 0.986043
431.477 0.985871
448.878 0.98432
466.308 0.985612
484.352 0.985526
501.803 0.986301
518.931 0.985784
537.777 0.985354
