time accuracy
3243.57 0.985558
4707.18 0.985966
5231.18 0.986221
6443.06 0.986604
7288.59 0.986647
8374.81 0.9868
9305.33 0.986817
10085.8 0.986826
10769.9 0.986758
11768.7 0.987055
12286.4 0.986885
12589.9 0.986945
13314.4 0.987021
14305.5 0.986962
15125.9 0.986936
16162.6 0.986877
16946.6 0.986945
17903.4 0.98697
18944.7 0.986936
19866.5 0.986962
20947 0.987055
22216 0.987021
23351.2 0.986877
24243.3 0.987115
25210.3 0.986902
26148.1 0.987047
27149.2 0.986962
28092.5 0.987141
28844.5 0.986868
29752.5 0.98686
30699.3 0.986851
31710.4 0.986962
