3.10375 745.089
6.26158 532.465
8.64266 450.647
11.7327 384.384
14.8107 321.493
17.9056 289.734
21.0101 289.004
24.12 316.26
25.8197 295.535
27.3546 290.973
28.6659 265.129
30.1134 264.066
31.5655 251.442
33.0148 251.999
34.4694 250.391
35.9189 252.309
37.372 252.309
38.9266 248.746
40.3494 247.026
41.86 245.829
43.4336 248.83
45.0134 247.688
46.6014 244.544
48.1845 241.368
49.7709 238.518
51.361 237.207
52.9482 236.37
54.529 232.855
56.1364 229.43
57.7651 228.946
59.3631 230
60.8772 227.776
62.3937 229.648
63.982 228.502
65.5711 226.315
67.0884 225.776
68.5525 224.118
70.021 222.984
71.4809 223.043
72.9546 221.59
74.5048 220.115
75.8225 220.818
77.2884 219.453
78.7551 218.232
80.2197 217.318
81.742 216.176
83.3335 215.206
84.9233 215.3
86.5109 215.082
88.1276 214.042
89.7615 213.678
92.6355 214.173
94.1589 213.668
95.7292 212.304
97.3241 211.263
100.362 209.796
103.49 208.67
106.573 208.01
109.67 206.612
112.099 205.194
113.463 204.252
114.978 203.147
116.53 201.487
118.083 200.81
119.643 200.596
121.192 199.446
122.756 198.014
124.387 196.863
126.001 195.595
127.568 194.403
129.138 193.711
130.932 193.171
132.775 192.604
134.356 192.097
135.937 191.294
137.519 189.994
139.096 189.85
140.682 189.743
143.406 189.352
145.572 189.102
147.799 189.057
150.276 189.083
152.737 188.98
154.852 188.744
156.656 188.26
158.74 187.264
161.374 186.871
163.331 186.396
164.928 185.789
167.153 185.473
169.461 185.375
172.495 185.225
175.529 185.069
178.559 185.19
182.053 184.457
184.184 184.15
187.216 183.757
190.24 183.516
193.272 183.665
195.936 183.956
198.169 183.466
201.236 183.083
202.663 182.519
204.032 182.359
205.544 181.848
207.008 181.458
208.465 181.08
209.915 180.367
211.545 179.73
213.176 179.266
214.752 178.759
216.353 178.201
217.872 177.896
219.392 177.293
220.964 176.782
222.543 176.381
224.116 175.763
225.695 175.316
227.271 174.766
228.855 174.298
230.438 173.659
232.024 173.284
233.659 172.587
235.971 171.948
237.519 171.326
239.037 170.709
240.424 170.215
241.867 169.551
243.326 169.082
244.805 168.58
246.281 168.075
247.758 167.672
249.225 167.541
250.797 167.617
252.108 167.703
253.515 167.597
255.098 167.698
256.67 167.536
258.254 167.372
259.837 167.09
261.419 166.941
262.996 166.756
264.576 166.498
266.215 166.299
267.847 166.026
269.423 165.541
270.943 165.371
272.488 165.226
274.063 165.072
275.642 165.032
277.224 164.825
278.809 164.765
280.383 164.715
281.962 164.519
283.438 164.385
285.025 164.288
286.336 164.102
287.675 163.651
289.146 163.533
290.618 163.315
292.085 162.895
293.56 162.757
295.034 162.689
296.506 162.434
298.126 162.289
299.76 162.11
301.333 161.954
302.85 161.819
304.385 161.645
305.963 161.441
307.54 161.238
309.12 161.006
310.696 160.934
312.272 160.901
313.853 160.713
315.432 160.452
317.054 160.275
318.645 160.035
320.17 159.646
321.709 159.334
323.29 159.081
324.871 158.72
326.372 158.456
327.848 158.169
329.324 157.834
330.801 157.449
332.316 157.065
333.906 156.698
335.256 156.446
336.566 156.105
338.038 155.801
339.514 155.434
340.99 155.042
342.568 154.793
344.15 154.589
345.727 154.324
347.325 154.068
348.964 153.837
351.603 153.713
353.77 153.587
356.144 153.524
358.523 153.395
360.906 153.44
363.285 153.401
365.652 153.247
368.02 153.025
370.522 152.826
373.099 152.594
375.328 152.395
377.167 152.184
379.585 152.117
382.021 151.984
384.393 151.746
386.774 151.544
389.138 151.361
390.881 151.312
392.619 151.225
394.471 151.064
396.85 150.913
399.857 150.791
402.708 150.626
405.523 150.546
408.241 150.421
410.891 150.263
413.746 150.051
415.882 149.852
417.657 149.78
420.343 149.694
423.004 149.493
425.454 149.265
427.896 149.021
430.301 148.87
432.727 148.749
435.195 148.575
437.532 148.423
439.907 148.327
441.679 148.158
443.416 147.993
445.144 147.829
446.845 147.699
448.551 147.592
450.464 147.499
453.59 147.433
456.517 147.387
458.841 147.384
461.211 147.264
463.638 147.196
466.048 147.123
468.472 146.986
470.894 146.867
473.319 146.881
475.727 146.84
478.249 146.761
480.605 146.658
483.17 146.522
486.029 146.364
488.877 146.239
491.768 146.117
493.328 145.97
496.21 145.879
497.828 145.794
499.421 145.715
501.045 145.596
502.657 145.533
504.242 145.452
505.801 145.233
507.497 145.094
509.221 144.983
511.612 144.908
514.362 144.792
517.111 144.798
520.051 144.819
522.453 144.82
525.195 144.824
527.847 144.79
530.486 144.732
533.129 144.68
535.874 144.606
537.463 144.574
539.017 144.564
540.546 144.458
542.058 144.451
543.735 144.371
545.552 144.309
547.426 144.245
550.751 144.183
554.099 144.112
557.473 144.069
560.795 144.007
564.467 143.932
567.821 143.837
570.49 143.741
573.743 143.63
577.064 143.552
580.41 143.457
583.767 143.331
587.094 143.214
590.475 143.119
592.416 143.021
594.32 142.867
596.183 142.731
597.999 142.6
599.776 142.483
601.372 142.372
602.974 142.218
604.57 142.084
606.167 141.991
607.765 141.915
609.358 141.829
610.96 141.707
612.556 141.605
614.163 141.499
615.77 141.43
617.32 141.39
618.94 141.331
620.582 141.274
622.214 141.178
623.842 141.101
625.473 141.041
627.106 141.029
628.737 141.011
630.372 140.966
632.016 140.905
633.679 140.852
635.302 140.759
636.891 140.661
638.473 140.582
640.106 140.479
641.731 140.403
643.374 140.326
645.016 140.234
646.65 140.13
648.282 140.093
649.918 140.059
651.543 139.993
653.179 139.954
654.76 139.858
656.358 139.779
657.987 139.709
659.62 139.657
661.247 139.588
662.887 139.524
664.533 139.445
666.168 139.329
667.805 139.247
669.431 139.182
671.096 139.127
672.767 139.024
674.392 138.93
675.975 138.856
677.614 138.799
679.259 138.716
680.896 138.658
682.535 138.601
684.179 138.575
685.818 138.513
687.456 138.434
689.101 138.373
690.755 138.335
692.4 138.306
693.984 138.257
695.602 138.239
697.232 138.248
698.863 138.237
700.5 138.241
702.147 138.212
703.782 138.173
705.411 138.1
707.052 138.058
708.7 137.995
710.365 137.954
711.992 137.916
713.57 137.89
715.165 137.862
716.812 137.814
718.459 137.795
720.103 137.736
721.747 137.671
723.374 137.611
725.006 137.559
726.633 137.482
728.262 137.393
729.896 137.331
731.474 137.286
733.058 137.259
734.691 137.202
736.331 137.147
737.977 137.067
739.607 137.012
741.256 136.959
742.889 136.875
745.903 136.827
747.541 136.792
751.466 136.753
755.342 136.7
758.071 136.647
761.192 136.6
764.652 136.543
768.073 136.504
771.516 136.477
774.973 136.402
778.434 136.356
781.937 136.316
786.204 136.22
789.001 136.172
791.754 136.105
795.214 136.07
798.751 136.02
802.25 135.95
805.737 135.877
809.221 135.842
810.809 135.798
812.422 135.75
814.04 135.714
817.606 135.649
819.787 135.583
821.997 135.5
824.025 135.452
825.499 135.382
826.941 135.326
828.385 135.271
829.839 135.218
831.417 135.164
832.79 135.11
834.304 135.043
836.843 134.98
839.128 134.939
841.406 134.899
843.69 134.85
845.97 134.83
848.473 134.802
850.615 134.79
852.714 134.777
854.998 134.765
858.095 134.722
861.181 134.694
863.604 134.664
864.993 134.596
866.475 134.55
867.739 134.492
869.003 134.451
870.39 134.448
871.778 134.416
873.166 134.399
874.556 134.378
875.945 134.344
879.066 134.296
882.675 134.26
885.89 134.22
887.763 134.208
889.905 134.205
892.045 134.192
894.189 134.194
896.448 134.15
899.019 134.13
901.718 134.133
903.942 134.101
906.444 134.081
908.07 134.078
909.673 134.06
911.259 134.036
912.647 134.011
914.038 134.004
915.537 133.999
917.005 133.995
918.315 133.976
919.679 133.959
921.186 133.92
923.185 133.886
925.188 133.85
927.333 133.83
929.473 133.805
931.797 133.795
933.719 133.779
936.18 133.735
938.625 133.697
940.63 133.671
942.627 133.647
944.629 133.63
946.753 133.604
949.099 133.587
951.033 133.532
953.175 133.486
955.214 133.445
957.246 133.41
958.783 133.374
960.254 133.362
961.714 133.327
963.183 133.298
964.447 133.25
965.8 133.205
967.188 133.194
969.474 133.18
971.759 133.162
974.044 133.163
976.331 133.16
978.843 133.152
981.145 133.133
983.188 133.119
985.469 133.12
987.751 133.103
990.033 133.08
992.314 133.059
994.604 133.02
997.08 133.001
998.356 132.981
999.668 132.975
1001.06 132.948
1002.45 132.934
1003.84 132.92
1005.22 132.897
1006.61 132.874
1008 132.849
1009.5 132.82
1010.97 132.784
1013.01 132.753
1015.26 132.71
1017.55 132.676
1019.84 132.643
1022.13 132.609
1024.42 132.601
1026.8 132.589
1028.94 132.551
1031.05 132.542
1033.34 132.519
1035.32 132.506
1037.3 132.486
1039.28 132.476
1041.06 132.471
1042.66 132.465
1044.24 132.445
1045.59 132.414
1046.97 132.397
1048.46 132.4
1049.95 132.403
1051.43 132.404
1052.92 132.404
1054.4 132.393
1055.88 132.374
1057.47 132.389
1059.02 132.411
1060.55 132.413
1062.14 132.427
1063.73 132.438
1065.32 132.431
1066.91 132.414
1068.5 132.398
1070.09 132.381
1071.69 132.371
1073.28 132.336
1074.87 132.314
1076.43 132.307
1077.99 132.288
1079.52 132.252
1080.99 132.231
1082.51 132.212
1084.03 132.193
1085.52 132.185
1087.06 132.193
1088.56 132.175
1090.08 132.147
1091.59 132.117
1093.13 132.085
1094.56 132.065
1095.87 132.057
1097.33 132.052
1098.79 132.036
1100.93 132.029
1103.74 132.025
1106.86 132.009
1108.77 132.003
1110.37 131.98
1111.94 131.97
1113.48 131.959
1114.96 131.935
1116.52 131.909
1118.08 131.888
1119.63 131.87
1121.19 131.845
1122.74 131.835
1124.31 131.82
1125.87 131.811
1127.44 131.787
1128.88 131.787
1131.4 131.794
1133.19 131.806
1135.13 131.805
1137.19 131.787
1138.85 131.791
1140.35 131.783
1141.83 131.762
1143.66 131.768
1146.54 131.765
1147.98 131.757
1149.66 131.748
1151.79 131.733
1153.91 131.718
1156.03 131.71
1158.15 131.701
1160.28 131.677
1162.4 131.666
1164.68 131.664
1166.95 131.644
1168.67 131.628
1170.75 131.624
1172.89 131.618
1174.82 131.603
1176.21 131.592
1177.61 131.567
1179 131.55
1180.39 131.535
1181.88 131.522
1183.37 131.516
1184.64 131.52
1186.01 131.508
1187.4 131.496
1189.45 131.494
1191.74 131.465
1194.04 131.433
1196.34 131.403
1198.8 131.364
1200.86 131.333
1203.15 131.31
1205.44 131.299
1207.75 131.291
1210.05 131.282
1212.34 131.271
1214.84 131.262
1217.3 131.244
1219.2 131.24
1220.77 131.229
1222.33 131.227
1224.45 131.223
1226.55 131.223
1228.8 131.216
1231.08 131.198
1233.14 131.194
1235.12 131.19
1238.19 131.178
1241.27 131.169
1244.31 131.164
1247.37 131.155
1250.4 131.134
1254.26 131.119
1256.43 131.09
1258.96 131.069
1261.99 131.067
1265.03 131.057
1268.39 131.05
1271.45 131.052
1274.23 131.035
1276.56 131.027
1278.57 131.014
1281.15 131.015
1283.83 131.041
1286.4 131.05
1288.83 131.045
1291.26 131.035
1293.66 131.046
1296.31 131.051
1298.79 131.029
1301.11 131.043
1303.5 131.047
1305.9 131.032
1308.3 131.013
1310.71 130.988
1313.13 130.985
1315.52 130.966
1317.94 130.935
1320.44 130.909
1322.78 130.901
1325.14 130.907
1327.57 130.924
1329.98 130.921
1332.39 130.907
1334.78 130.907
1337.2 130.908
1339.61 130.908
1342.24 130.917
1344.71 130.921
1347.04 130.916
1349.4 130.908
1351.8 130.893
1354.21 130.876
1356.63 130.862
1359 130.838
1361.39 130.825
1363.78 130.804
1366.26 130.79
1368.06 130.772
1369.85 130.755
1371.69 130.737
1373.53 130.714
1375.37 130.692
1377.22 130.689
1379.06 130.673
1380.92 130.661
1382.86 130.638
1384.75 130.616
1386.56 130.619
1388.36 130.623
1390.21 130.619
1392.03 130.612
1393.84 130.594
1395.55 130.579
1397.25 130.561
1398.95 130.551
1400.66 130.542
1402.39 130.536
1404.06 130.517
1405.73 130.501
1407.43 130.494
1409.13 130.492
1410.83 130.501
1412.52 130.497
1414.22 130.491
1415.92 130.482
1417.62 130.472
1419.37 130.46
1421.1 130.436
1422.75 130.429
1424.39 130.419
1426.09 130.411
1427.78 130.399
1429.44 130.39
1431.1 130.387
1432.79 130.371
1435.37 130.362
1437.93 130.367
1440.58 130.359
1443.08 130.347
1444.83 130.34
1446.54 130.331
1448.25 130.338
1449.95 130.335
1451.65 130.334
1453.35 130.339
1455.06 130.343
1456.77 130.342
1458.52 130.33
1460.26 130.319
1461.92 130.304
1463.59 130.294
1465.29 130.284
1467 130.275
1468.71 130.269
1470.41 130.252
1472.1 130.234
1473.8 130.221
1475.5 130.219
1477.24 130.213
1478.9 130.205
1480.58 130.203
1482.28 130.207
1483.98 130.212
1485.69 130.205
1487.39 130.202
1488.85 130.195
1490.3 130.194
1492.65 130.189
1496.06 130.182
1499.11 130.164
1501.21 130.16
1503.95 130.153
1506.68 130.143
1509.52 130.123
1512.32 130.096
1515.1 130.076
1517.96 130.049
1520.74 130.04
1522.98 130.043
1525.78 130.044
1528.57 130.037
1531.35 130.026
1534.13 130.014
1536.93 130.017
1539.71 130.018
1542.8 130.01
1544.77 130.019
1546.78 130.016
1549.31 130.01
1551.86 130.016
1553.88 130.017
1555.87 130.023
1557.89 130.02
1559.89 130.012
1562.4 130.01
1564.02 130.012
1565.87 130.004
1567.87 129.998
1569.9 129.999
1571.9 130.009
1573.91 130.014
1575.92 130.016
1577.93 130.023
1580.61 130.019
1583.05 130.008
1584.67 129.999
1587.57 129.987
1590.5 129.973
1593.49 129.957
1596.42 129.941
1599.63 129.934
1601.54 129.919
1604.09 129.909
1606.62 129.907
1609.18 129.903
1611.71 129.891
1613.74 129.873
1615.79 129.859
1618.49 129.849
1620.94 129.835
1622.57 129.818
1624.58 129.808
1627.74 129.793
1630.89 129.777
1634.06 129.77
1637.45 129.761
1640.02 129.757
1642.96 129.76
1645.9 129.757
1648.82 129.751
1651.78 129.755
1655.06 129.748
1657.48 129.756
1660.17 129.756
1662.88 129.756
1665.56 129.754
1668.34 129.736
1670.57 129.729
1673.25 129.712
1674.65 129.699
1676.18 129.695
1677.77 129.695
1679.37 129.699
1680.98 129.687
1682.59 129.68
1684.19 129.667
1685.99 129.659
1687.85 129.657
1690.07 129.654
1692.63 129.66
1695.18 129.667
1697.73 129.667
1700.29 129.658
1703.04 129.65
1705.24 129.647
1707.8 129.657
1710.36 129.67
1712.92 129.668
1715.47 129.667
1718.12 129.674
1720.97 129.67
1722.68 129.652
1724.3 129.647
1726.02 129.638
1728.11 129.629
1730.15 129.617
1732.19 129.61
1734.25 129.598
1736.72 129.597
1738.33 129.596
1740.62 129.588
1743.26 129.594
1745.92 129.59
1748.08 129.577
1750.24 129.561
1752.4 129.56
1754.76 129.55
1756.66 129.541
1758.28 129.541
1759.94 129.528
1761.59 129.517
1763.31 129.505
1765.02 129.493
1766.72 129.485
1769.2 129.473
1771.4 129.459
1773.73 129.447
1775.12 129.429
1776.73 129.412
1778.3 129.401
1779.91 129.395
1781.54 129.388
1783.18 129.374
1784.8 129.363
1786.63 129.349
1789.27 129.347
1791.23 129.35
1793.87 129.342
1796.53 129.335
1799.18 129.333
1801.82 129.351
1804.74 129.363
1807.52 129.373
1809.15 129.386
1810.78 129.402
1812.78 129.413
1815.47 129.423
1818.05 129.432
1820 129.443
1821.94 129.458
1823.88 129.471
1826.31 129.479
1827.67 129.479
1828.98 129.459
1830.42 129.457
1831.86 129.46
1834.05 129.461
1836.47 129.464
1838.89 129.467
1841.47 129.473
1843.61 129.472
1845.96 129.47
1848.39 129.464
1850.81 129.459
1853.24 129.452
1855.24 129.448
1857.33 129.442
1859.96 129.438
1862.1 129.434
1864.51 129.426
1865.96 129.418
1867.4 129.411
1868.83 129.419
1870.28 129.431
1871.72 129.426
1873.25 129.422
1874.56 129.428
1875.87 129.423
1877.31 129.419
1878.74 129.421
1881.16 129.422
1883.58 129.424
1886 129.421
1888.63 129.419
1891.2 129.424
1893.35 129.434
1895.77 129.432
1898.19 129.428
1900.63 129.425
1903.35 129.433
1905.99 129.434
1908.84 129.437
1910.51 129.441
1911.95 129.437
1913.85 129.434
1915.73 129.432
1917.72 129.426
1919.76 129.431
1921.47 129.43
1923.01 129.439
1924.62 129.457
1926.21 129.459
1928.54 129.454
1931.12 129.456
1933.72 129.459
1936.27 129.456
1938.67 129.465
1941.06 129.466
1944.18 129.465
1946.09 129.455
1948 129.449
1950.39 129.442
1952.78 129.432
1954.58 129.429
1956.38 129.415
1958.2 129.404
1959.72 129.396
1961.31 129.395
1962.92 129.4
1964.38 129.395
1965.85 129.398
1967.65 129.399
1970.61 129.396
1973.73 129.395
1976.84 129.394
1979.95 129.384
1983.07 129.377
1986.42 129.373
1989.65 129.359
1992.11 129.344
1995.12 129.342
1998.24 129.34
2001.36 129.335
2002.97 129.325
2004.58 129.323
2006.17 129.315
2007.66 129.309
2009.21 129.3
2010.79 129.291
2012.11 129.281
2013.43 129.266
2014.91 129.252
2016.38 129.248
2017.86 129.241
2019.34 129.235
2020.82 129.236
2022.42 129.236
2024.1 129.235
2025.71 129.236
2027.27 129.237
2028.9 129.233
2030.54 129.226
2032.18 129.219
2033.82 129.213
2035.45 129.209
2037.09 129.202
2038.73 129.2
2040.37 129.187
2042.03 129.183
2044.99 129.183
2046.61 129.177
2048.18 129.17
2049.8 129.156
2051.43 129.154
2053.06 129.165
2054.57 129.166
2056.07 129.177
2057.56 129.182
2059.04 129.19
2060.65 129.195
2062.01 129.197
2063.37 129.208
2064.85 129.217
2066.33 129.211
2067.81 129.212
2069.39 129.215
2071.05 129.215
2072.66 129.203
2074.27 129.197
2075.92 129.189
2077.55 129.181
2079.1 129.175
2080.63 129.174
2082.24 129.176
2083.84 129.178
2085.45 129.181
2087.05 129.193
2088.67 129.2
2090.26 129.193
2091.86 129.195
2093.47 129.189
2095.09 129.182
2096.73 129.173
2098.27 129.167
2099.82 129.165
2101.31 129.153
2102.79 129.155
2104.28 129.161
2105.76 129.163
2107.18 129.163
2108.57 129.158
2110.06 129.154
2111.53 129.151
2112.79 129.153
2114.18 129.165
2116.48 129.169
2118.77 129.169
2121.06 129.171
2123.36 129.177
2125.65 129.174
2128.03 129.171
2130.09 129.174
2132.39 129.167
2134.69 129.159
2136.68 129.153
2138.66 129.152
2140.65 129.155
2142.69 129.16
2144.8 129.159
2146.55 129.159
2148.82 129.156
2151.44 129.157
2154.08 129.151
2156.03 129.143
2157.99 129.136
2159.92 129.119
2161.98 129.116
2163.78 129.114
2165.75 129.114
2167.69 129.113
2169.68 129.111
2171.63 129.109
2173.62 129.115
2175.58 129.12
2177.7 129.119
2179.73 129.117
2181.51 129.117
2183.47 129.121
2185.42 129.129
2187.39 129.131
2189.34 129.137
2191.29 129.152
2193.22 129.155
2195.27 129.16
2197.05 129.154
2198.98 129.152
2200.93 129.148
2202.87 129.149
2204.79 129.142
2206.74 129.138
2208.69 129.128
2211.59 129.122
2214.16 129.118
2216.54 129.119
2219.15 129.118
2221.76 129.113
2224.4 129.113
2227 129.115
2229.69 129.116
2232.22 129.113
2234.67 129.11
2237.29 129.101
2239.94 129.09
2242.56 129.082
2245.2 129.073
2247.96 129.066
2250.03 129.061
2251.79 129.055
2253.62 129.045
2255.57 129.036
2257.54 129.034
2259.49 129.028
2262.14 129.027
2264.79 129.018
2267.61 129.007
2269.97 128.998
2272.63 128.986
2275.29 128.982
2277.87 128.975
2280.48 128.974
2283.08 128.976
2285.19 128.971
2287.17 128.967
2288.94 128.965
2290.89 128.958
2293.53 128.955
2296.14 128.954
2298.79 128.955
2301.42 128.951
2304.28 128.944
2306.63 128.93
2308.63 128.919
2310.58 128.912
2313.19 128.897
2315.83 128.885
2318.45 128.873
2321.33 128.867
2323.99 128.861
2326.33 128.856
2328.95 128.849
2331.59 128.849
2334.24 128.847
2336.19 128.851
2339.18 128.844
2342.42 128.841
2344.81 128.835
2347.71 128.838
2350.72 128.845
2353.71 128.846
2356.71 128.848
2359.73 128.855
2362.71 128.862
2366.07 128.877
2369.03 128.883
2371.41 128.887
2374.4 128.895
2377.36 128.893
2380.34 128.888
2383.35 128.888
2386.36 128.885
2389.47 128.882
2392.24 128.887
2394.62 128.889
2397.59 128.895
2400.33 128.902
2403.07 128.907
2405.78 128.905
2408.66 128.904
2411.66 128.903
2414.06 128.902
2416.8 128.905
2419.53 128.907
2422.15 128.907
2424.75 128.907
2427.39 128.906
2429.95 128.915
2432.38 128.928
2434.98 128.925
2437.58 128.911
2440.22 128.905
2442.84 128.904
2445.56 128.905
2448.37 128.894
2450.71 128.887
2453.32 128.88
2455.92 128.876
2458.54 128.876
2461.16 128.884
2463.77 128.888
2466.61 128.893
2468.93 128.894
2471.57 128.899
2474.18 128.903
2476.83 128.905
2479.47 128.91
2482.12 128.919
2484.96 128.93
2487.58 128.938
2489.95 128.938
2492.57 128.946
2495.19 128.955
2497.81 128.953
2500.43 128.958
2503.12 128.967
2505.66 128.972
2508.11 128.973
2510.73 128.964
2513.35 128.964
2515.97 128.96
2518.59 128.957
2521.31 128.944
2522.92 128.941
2524.18 128.931
2525.45 128.921
2526.85 128.919
2528.23 128.916
2529.62 128.911
2531.01 128.904
2532.4 128.908
2533.79 128.919
2535.23 128.925
2537.43 128.921
2539.51 128.918
2541.81 128.919
2543.98 128.93
2546.15 128.94
2548.32 128.947
2550.48 128.953
2552.88 128.95
2554.94 128.948
2556.93 128.945
2559.11 128.951
2561.15 128.956
2563.19 128.954
2565.24 128.948
2567.29 128.944
2569.48 128.949
2571.07 128.948
2572.49 128.946
2573.94 128.94
2575.39 128.935
2576.84 128.935
2578.28 128.939
2579.73 128.942
2581.12 128.943
2582.64 128.943
2584.73 128.946
2586.85 128.948
2589.5 128.948
2591.94 128.945
2594.5 128.944
2596.8 128.946
2599.11 128.939
2601.59 128.94
2603.61 128.94
2605.91 128.945
2608.22 128.948
2610.52 128.951
2612.83 128.954
2615.15 128.957
2617.7 128.947
2619.74 128.939
2622 128.933
2623.97 128.933
2626.18 128.929
2628.4 128.918
2630.59 128.919
2632.8 128.918
2635.14 128.918
2636.73 128.914
2639.33 128.909
2641.93 128.904
2644.56 128.902
2647.17 128.901
2649.79 128.889
2652.41 128.881
2655.39 128.873
2657.78 128.869
2659.4 128.862
2661.09 128.856
2662.78 128.852
2664.48 128.846
2666.2 128.843
2667.82 128.833
2669.38 128.825
2670.94 128.826
2672.64 128.83
2674.02 128.832
2675.51 128.831
2677.08 128.824
2678.63 128.809
2680.2 128.808
2681.76 128.81
2683.4 128.817
2685.09 128.813
2686.86 128.808
2688.6 128.807
2690.21 128.811
2691.89 128.806
2693.61 128.81
2695.34 128.821
2696.98 128.826
2699.91 128.823
2702.29 128.82
2703.9 128.815
2705.54 128.81
2707.13 128.808
2708.89 128.807
2710.72 128.811
2712.56 128.811
2715.07 128.808
2717.48 128.806
2719.19 128.816
2720.89 128.821
2723.19 128.82
2725.66 128.816
2727.27 128.806
2729.08 128.8
2731.11 128.798
2733.58 128.796
2736.31 128.797
2738.99 128.799
2741.7 128.8
2744.51 128.802
2746.25 128.802
2748.39 128.799
2751.03 128.804
2753.67 128.812
2756.31 128.81
2758.95 128.807
2761.56 128.806
2763.8 128.801
2766.14 128.796
2767.74 128.795
2769.45 128.796
2771.49 128.797
2773.52 128.799
2774.99 128.798
2776.47 128.799
2778.94 128.796
2781.62 128.787
2783.79 128.775
2786.23 128.772
2788.25 128.769
2790.26 128.762
2792.27 128.754
2794.42 128.753
2796.7 128.749
2799.07 128.74
2801.07 128.737
2803.88 128.733
2806.71 128.729
2809.52 128.724
2812.33 128.725
2814.01 128.722
2815.38 128.711
2816.75 128.706
2818.45 128.704
2820.16 128.706
2822.27 128.699
2824.22 128.692
2826.22 128.692
2828.92 128.694
2832.52 128.695
2834.25 128.692
2835.84 128.689
2837.43 128.691
2839.03 128.693
2840.63 128.69
2842.22 128.69
2843.81 128.694
2845.4 128.696
2846.99 128.706
2848.59 128.711
2850.19 128.714
2851.72 128.714
2853.25 128.717
2854.85 128.717
2856.44 128.715
2858.04 128.717
2859.64 128.716
2861.24 128.713
2862.71 128.712
2864.18 128.714
2865.75 128.712
2867.33 128.716
2868.69 128.714
2870.2 128.712
2871.86 128.717
2873.51 128.715
2875.16 128.714
2876.81 128.712
2878.67 128.717
2880.59 128.728
2883.41 128.728
2885.63 128.726
2888.13 128.727
2890.65 128.726
2893.15 128.718
2895.65 128.719
2898.22 128.714
2900.96 128.709
2903.19 128.706
2905.68 128.693
2908.19 128.683
2910.68 128.68
2913.29 128.673
2914.83 128.664
2916.45 128.658
2917.8 128.658
2919.19 128.662
2920.79 128.66
2922.2 128.662
2923.6 128.664
2925 128.665
2926.47 128.663
2927.94 128.661
2929.56 128.662
2931.19 128.656
2933.17 128.652
2935.6 128.646
2938.71 128.645
2941.82 128.642
2944.88 128.639
2947.58 128.635
2950.21 128.627
2953.05 128.632
2955.27 128.632
2957.1 128.634
2959.23 128.634
2961.2 128.632
2963.16 128.634
2965.06 128.634
2966.85 128.632
2968.65 128.627
2970.9 128.618
2972.44 128.611
2974.21 128.611
2976.32 128.607
2978.44 128.602
2980.55 128.593
2982.66 128.585
2984.78 128.578
2986.89 128.573
2989.59 128.567
2991.81 128.562
2994.3 128.56
2996.86 128.553
2999.42 128.547
3001.97 128.548
3004.53 128.543
3007.23 128.54
3009.53 128.539
3012.29 128.546
3015.01 128.549
3017.73 128.553
3019.95 128.551
3022.13 128.555
3025.02 128.555
3027.41 128.55
3030.17 128.544
3032.23 128.54
3033.95 128.539
3036.86 128.536
3039.68 128.535
3042.81 128.539
3045.64 128.531
3048.38 128.526
3051.25 128.52
3054.12 128.512
3056.89 128.504
3059.63 128.494
3062.42 128.486
3064.92 128.482
3067.67 128.477
3070.39 128.476
3073.15 128.47
3075.9 128.462
3078.98 128.456
3081.41 128.452
3084.07 128.448
3086.77 128.449
3089.51 128.449
3092.25 128.453
3095.05 128.453
3097.56 128.45
3100.16 128.447
3102.89 128.45
3105.62 128.45
3107.88 128.44
3110.12 128.43
3112.37 128.422
3115.34 128.412
3117.73 128.401
3120.44 128.403
3123.2 128.404
3125.94 128.405
3128.65 128.405
3131.54 128.41
3133.97 128.416
3136.61 128.422
3139.32 128.427
3141.94 128.423
3144.53 128.425
3147.15 128.432
3150.01 128.438
3151.99 128.445
3153.79 128.448
3157 128.449
3160.02 128.443
3162.73 128.442
3165.43 128.44
3168.15 128.441
3170.75 128.437
3173.13 128.431
3175.74 128.432
3178.37 128.431
3180.98 128.426
3183.6 128.425
3186.29 128.421
3189.11 128.416
3191.43 128.414
3194.03 128.414
3196.49 128.413
3198.91 128.413
3201.32 128.411
3203.73 128.411
3206.11 128.415
3208.66 128.414
3211.01 128.419
3213.31 128.421
3215.74 128.416
3218.16 128.419
3220.59 128.421
3222.43 128.419
3224.24 128.423
3226.09 128.424
3227.91 128.423
3229.8 128.427
3231.66 128.432
3233.41 128.435
3235.2 128.439
3237.01 128.445
3239.48 128.451
3241.9 128.454
3244.31 128.455
3246.74 128.457
3249.14 128.457
3251.57 128.457
3253.86 128.458
3256.19 128.458
3258.59 128.461
3261.03 128.461
3263.44 128.454
3265.48 128.448
3267.87 128.443
3270.25 128.439
3272.82 128.435
3275.29 128.435
3277.6 128.44
3279.94 128.437
3282.34 128.435
3284.75 128.432
3287.18 128.433
3289.57 128.431
3291.97 128.426
3294.39 128.425
3296.92 128.42
3299.27 128.42
3301.57 128.418
3303.97 128.417
3306.38 128.414
3308.82 128.412
3311.2 128.412
3313.64 128.412
3315.4 128.41
3317.11 128.409
3318.88 128.411
3320.63 128.412
3322.3 128.42
3323.98 128.43
3325.69 128.434
3327.4 128.432
3329.11 128.428
3330.82 128.425
3332.51 128.424
3334.22 128.43
3335.94 128.43
3337.68 128.427
3339.34 128.423
3341.02 128.422
3342.71 128.422
3344.42 128.427
3346.14 128.428
3347.85 128.428
3349.56 128.426
3351.27 128.427
3352.99 128.423
3355.82 128.424
3358.49 128.423
3360.97 128.426
3363.52 128.429
3365.91 128.433
3368.33 128.436
3370.75 128.436
3373.14 128.44
3375.55 128.443
3377.97 128.44
3380.42 128.444
3382.75 128.443
3385.11 128.441
3387.51 128.439
3389.91 128.44
3392.34 128.439
3394.77 128.443
3397.21 128.444
3399.16 128.446
3401.19 128.446
3403.11 128.45
3404.93 128.45
3406.49 128.45
3408.08 128.457
3409.67 128.46
3411.25 128.467
3412.85 128.474
3414.45 128.477
3416.04 128.483
3417.63 128.482
3419.24 128.48
3420.84 128.482
3422.39 128.483
3423.95 128.477
3425.54 128.47
3427.14 128.473
3428.74 128.475
3430.32 128.476
3431.92 128.479
3433.48 128.479
3435.05 128.481
3436.65 128.475
3438.22 128.471
3439.56 128.473
3440.84 128.471
3442.3 128.47
3443.76 128.47
3445.22 128.466
3446.67 128.464
3448.12 128.458
3449.58 128.456
3451.08 128.46
3453.01 128.453
3454.89 128.447
3457.31 128.441
3459.89 128.435
3462.61 128.43
3465.24 128.428
3467.57 128.429
3469.37 128.429
3471.18 128.429
3472.92 128.428
3474.43 128.423
3475.95 128.423
3477.54 128.421
3479.27 128.42
3480.97 128.421
3482.66 128.42
3484.34 128.418
3485.8 128.418
3487.35 128.419
3489.09 128.419
3490.57 128.419
3492.23 128.412
3493.89 128.407
3495.56 128.408
3497.23 128.403
3498.89 128.402
3500.77 128.398
3502.74 128.392
3504.63 128.388
3506.39 128.385
3508.23 128.379
3510.09 128.369
3511.94 128.365
3514.28 128.36
3516.66 128.357
3519.05 128.351
3521.43 128.346
3523.94 128.34
3526.11 128.338
3527.93 128.332
3529.79 128.328
3531.66 128.325
3533.53 128.323
3535.19 128.322
3536.76 128.326
3538.36 128.326
3540.09 128.323
3541.46 128.317
3542.91 128.317
3544.47 128.312
3546.03 128.313
3547.6 128.312
3549.16 128.306
3551.48 128.303
3554.06 128.301
3555.78 128.301
3557.8 128.297
3559.91 128.294
3562.02 128.291
3564.34 128.282
3566.66 128.276
3569.27 128.267
3572.18 128.261
3574.54 128.255
3577.28 128.251
3579.92 128.247
3582.52 128.248
3585.11 128.244
3587.71 128.24
3589.11 128.24
3590.52 128.244
3591.93 128.245
3593.33 128.242
3594.72 128.245
3596.13 128.245
3597.53 128.246
3598.94 128.248
3600.53 128.245
3602.21 128.248
3604.29 128.247
3606.43 128.245
3608.57 128.241
3610.71 128.242
3612.86 128.237
3614.9 128.232
3617.04 128.229
3618.88 128.228
3620.82 128.231
3622.83 128.232
3625.54 128.235
3628.2 128.235
3630.74 128.241
3633.26 128.241
3636.37 128.238
3638.32 128.231
3639.95 128.226
3642.04 128.224
3644.12 128.221
3646.17 128.219
3648.26 128.216
3650.36 128.21
3652.79 128.203
3654.89 128.198
3656.85 128.198
3659.01 128.194
3661.17 128.192
3663.34 128.193
3665.49 128.194
3668.16 128.191
3671.2 128.193
3673.14 128.194
3674.98 128.192
3677.15 128.191
3679.32 128.195
3681.49 128.196
3683.66 128.195
3685.82 128.193
3688.12 128.195
3689.57 128.191
3691.65 128.19
3693.7 128.189
3695.65 128.192
3697.69 128.194
3699.72 128.197
3701.77 128.199
3704.45 128.193
3707.09 128.191
3709.2 128.189
3711.84 128.189
3714.48 128.186
3717.32 128.181
3720.11 128.179
3722.67 128.176
3725.18 128.176
3727.48 128.177
3729.29 128.179
3731.73 128.18
3734.16 128.18
3736.12 128.176
3738.06 128.172
3740.01 128.169
3742.15 128.162
3744.54 128.163
3746 128.159
3747.81 128.15
3749.76 128.146
3752.2 128.148
3754.64 128.149
3757.08 128.149
3759.52 128.146
3762.42 128.139
3764.23 128.131
3766.67 128.126
3769.11 128.127
3771.55 128.125
3774 128.119
3776.43 128.114
3778.87 128.114
3781.86 128.119
3783.45 128.122
3784.95 128.119
3786.89 128.117
3788.84 128.112
3790.9 128.111
3792.97 128.109
3795.07 128.108
3797.44 128.107
3799.32 128.105
3801.43 128.105
3804.05 128.106
3806.67 128.111
3809.29 128.111
3811.92 128.11
3814.54 128.107
3817.52 128.106
3820.14 128.104
3822.5 128.097
3825.08 128.092
3827.66 128.087
3830.25 128.084
3832.43 128.082
3834.46 128.079
3836.54 128.082
3838.14 128.079
3840.16 128.078
3842.2 128.077
3844.23 128.08
3846.27 128.083
3848.9 128.085
3851.53 128.087
3854.52 128.085
3857.05 128.082
3859.15 128.077
3861.78 128.075
3864.41 128.077
3867.04 128.078
3869.66 128.08
3872.24 128.079
3875.18 128.074
3877.51 128.069
3879.79 128.069
3881.35 128.067
3882.91 128.061
3884.46 128.058
3886.02 128.057
3887.68 128.055
3889.36 128.054
3890.75 128.053
3892.5 128.056
3894.58 128.054
3896.54 128.052
3898.18 128.046
3899.82 128.039
3901.48 128.034
3903.12 128.028
3904.79 128.024
3906.41 128.023
3907.94 128.025
3909.48 128.023
3911.09 128.026
3912.7 128.024
3914.31 128.022
3915.91 128.024
3917.52 128.027
3919.13 128.029
3920.74 128.027
3922.35 128.026
3924.01 128.023
3925.64 128.024
3927.18 128.025
3928.72 128.023
3930.27 128.023
3931.81 128.025
3933.4 128.026
3935 128.029
3936.61 128.029
3938.21 128.03
3939.81 128.027
3941.41 128.023
3943.05 128.018
3944.65 128.013
3946.2 128.012
3947.79 128.012
3949.45 128.01
3951.09 128.007
3952.71 128.005
3954.34 127.999
3955.98 127.997
3957.58 127.995
3959.18 127.997
3960.79 127.999
3962.42 127.994
3964.02 127.995
3965.57 127.995
3967.12 127.994
3968.71 127.99
3970.31 127.991
3971.9 127.992
3973.5 127.994
3975.09 127.993
3977.13 127.995
3979.88 127.993
3982.59 127.996
3985.1 127.998
3987.84 127.997
3990.63 127.999
3993.37 128.002
3996.13 127.999
3999.15 128.001
4000.9 128
4002.73 127.998
4005.35 127.992
4007.49 127.986
4009.78 127.985
4011.78 127.987
4013.82 127.991
4015.96 127.998
4017.84 128
4019.76 127.999
4021.8 128
4023.87 127.997
4025.95 127.992
4027.99 127.989
4030.03 127.986
4032.2 127.982
4034.28 127.98
4036.08 127.976
4038.88 127.972
4041.76 127.969
4044.5 127.962
4047.23 127.959
4050.13 127.958
4052.53 127.959
4055.29 127.955
4058.03 127.954
4060.77 127.95
4063.51 127.95
4066.44 127.945
4069.21 127.943
4071.72 127.941
4074.44 127.933
4077.18 127.928
4079.91 127.923
4082.63 127.916
4085.5 127.916
4087.98 127.915
4090.74 127.912
4093.48 127.91
4096.24 127.911
4098.97 127.915
4102.05 127.917
4104.5 127.916
4107.32 127.913
4110.05 127.912
4112.65 127.912
4114.85 127.908
4117.17 127.905
4119.32 127.899
4121.48 127.894
4123.32 127.886
4125.45 127.878
4127.69 127.874
4129.93 127.873
4131.95 127.875
4135.06 127.877
4138.45 127.876
4140.39 127.877
4142.05 127.876
4144.77 127.869
4147.65 127.866
4150.46 127.861
4153.7 127.852
4157.22 127.848
4159.66 127.843
4162.89 127.833
4165.1 127.83
4167.31 127.826
4169.51 127.819
4171.73 127.818
4173.93 127.819
4176.84 127.821
4179.81 127.818
4181.66 127.816
4183.14 127.813
4184.64 127.813
4186.25 127.809
4187.88 127.81
4189.49 127.807
4191.11 127.805
4192.73 127.806
4194.34 127.807
4195.92 127.808
4197.52 127.81
4199.13 127.81
4200.68 127.807
4202.21 127.807
4204.08 127.81
4206.72 127.806
4209.37 127.807
4212.06 127.807
4214.8 127.805
4217.6 127.801
4220.8 127.798
4222.76 127.795
4224.77 127.792
4227.3 127.788
4229.35 127.784
4231.43 127.776
4233.57 127.774
4235.79 127.776
4237.92 127.777
4240.63 127.776
4243.07 127.777
4245.84 127.779
4248.58 127.779
4251.22 127.78
4254.48 127.78
4257.5 127.778
4261.12 127.779
4263.77 127.778
4266.14 127.78
4268.75 127.782
4270.4 127.784
4272 127.786
4273.6 127.787
4275.23 127.786
4276.85 127.781
4278.47 127.778
4280.14 127.778
4281.78 127.778
4283.38 127.781
4284.99 127.783
4286.61 127.783
4288.23 127.784
4289.85 127.788
4291.48 127.786
4294.42 127.783
4297.33 127.783
4300.39 127.782
4303.45 127.779
4305.78 127.773
4308.11 127.771
4310.5 127.769
4312.91 127.764
4314.89 127.763
4316.85 127.757
4319.28 127.752
4321.72 127.748
4324.26 127.74
4326.6 127.737
4328.92 127.739
4331.32 127.733
4334.67 127.732
4336.61 127.729
4338.32 127.728
4340.02 127.724
4341.73 127.722
4343.72 127.717
4345.89 127.711
4347.27 127.71
4348.64 127.707
4350.56 127.703
4352.71 127.702
4354.86 127.698
4357.04 127.694
4359.6 127.686
4362.57 127.676
4364.77 127.67
4367 127.667
4369.59 127.661
4372.2 127.657
4374.82 127.654
4377.63 127.657
4380.17 127.658
4382.56 127.653
4384.61 127.647
4386.16 127.641
4387.64 127.637
4389.12 127.633
4390.53 127.626
4391.96 127.62
4393.42 127.616
4394.95 127.612
4396.28 127.611
4397.59 127.607
4399.05 127.601
4400.5 127.597
4402.06 127.595
4403.62 127.598
4405.18 127.602
4406.74 127.604
4408.29 127.602
4409.84 127.602
4411.43 127.604
4413 127.607
4414.56 127.609
4416.28 127.608
4418.41 127.609
4421.33 127.607
4424.23 127.609
4427.12 127.605
4430.05 127.601
4433.02 127.596
4436.37 127.594
4438.83 127.593
4441.51 127.59
4443.61 127.582
4445.7 127.577
4447.8 127.569
4449.89 127.566
4451.99 127.56
4454.55 127.555
4456.7 127.55
4458.34 127.55
4460.02 127.547
4461.83 127.545
4463.45 127.543
4465.18 127.54
4467.13 127.536
4469.1 127.532
4471.09 127.529
4473.03 127.528
4474.86 127.526
4476.81 127.52
4478.62 127.515
4480.33 127.511
4481.95 127.507
4483.89 127.508
4486.28 127.507
4488.83 127.507
4491.98 127.507
4494.14 127.504
4495.91 127.508
4498.02 127.511
4500.1 127.513
4502.2 127.516
4504.27 127.522
4506.41 127.528
4508.78 127.53
4510.26 127.528
4511.89 127.53
4513.59 127.531
4515.28 127.53
4516.97 127.53
4518.67 127.53
4520.36 127.529
4522.06 127.525
4523.76 127.529
4525.54 127.522
4527.28 127.518
4528.98 127.521
4530.69 127.517
4532.49 127.517
4534.29 127.516
4536.08 127.512
4537.87 127.511
4539.67 127.508
4541.47 127.506
4543.27 127.509
4545.07 127.51
4546.5 127.511
4548.14 127.511
4549.77 127.511
4551.41 127.509
4553.05 127.507
4554.69 127.507
4556.3 127.508
4558.57 127.511
4560.93 127.51
4562.55 127.504
4564.43 127.501
4566.44 127.497
4568.43 127.495
4570.43 127.493
4572.41 127.49
4574.39 127.486
4576.38 127.48
4578.94 127.476
4580.55 127.477
4582.25 127.476
4584.58 127.476
4587.14 127.473
4589.69 127.47
4591.85 127.466
4593.47 127.462
4595.3 127.457
4596.73 127.455
4598.16 127.453
4599.75 127.45
4601.31 127.45
4602.89 127.448
4604.46 127.445
4606 127.441
4607.55 127.439
4609.16 127.439
4610.71 127.437
4612.25 127.434
4613.85 127.432
4615.45 127.43
4617.03 127.426
4618.64 127.421
4620.24 127.418
4621.81 127.418
4623.41 127.42
4625.01 127.421
4626.66 127.421
4628.31 127.425
4629.88 127.422
4632.35 127.416
4635.24 127.41
4638.09 127.408
4641.01 127.407
4643.87 127.407
4645.61 127.408
4647.02 127.407
4648.57 127.408
4650.19 127.404
4651.75 127.399
4653.46 127.399
4655.05 127.395
4656.54 127.394
4658.04 127.393
4659.55 127.396
4661.02 127.392
4663.16 127.385
4666.25 127.383
4669.36 127.38
4672.49 127.376
4675.61 127.371
4678.72 127.369
4681.83 127.365
4684.93 127.363
4688.32 127.359
4690.04 127.353
4691.95 127.35
4694.08 127.345
4696.21 127.342
4698.32 127.335
4700.04 127.331
4701.75 127.331
4703.47 127.329
4705.68 127.326
4707.51 127.324
4708.91 127.322
4710.62 127.322
4712.35 127.322
4714.61 127.321
4716.92 127.319
4719.22 127.319
4721.36 127.319
4723.48 127.318
4726.12 127.319
4727.83 127.321
4729.76 127.318
4731.89 127.315
4734.01 127.315
4736.12 127.312
4738.24 127.309
4740.35 127.307
4742.46 127.306
4744.8 127.304
4746.8 127.305
4748.18 127.301
4749.85 127.299
4751.57 127.297
4753.29 127.297
4755.02 127.294
4756.73 127.293
4758.84 127.293
4761.24 127.29
4763.05 127.29
4764.67 127.292
4766.16 127.293
4767.68 127.294
4769.21 127.301
4770.75 127.303
4772.33 127.303
4774.16 127.305
4776.05 127.303
4777.83 127.301
4779.66 127.3
4781.46 127.296
4783.14 127.29
4784.8 127.287
4786.55 127.285
4788.29 127.281
4790.52 127.278
4792.44 127.275
4793.88 127.273
4795.29 127.272
4796.72 127.269
4798.15 127.267
4799.47 127.265
4800.91 127.263
4802.32 127.26
4803.79 127.257
4805.28 127.252
4806.77 127.247
4808.39 127.244
4809.99 127.247
4811.65 127.244
4813.31 127.24
4814.94 127.236
4816.49 127.236
4818.07 127.236
4819.7 127.233
4821.32 127.236
4822.93 127.237
4824.57 127.234
4826.15 127.231
4827.77 127.231
4829.39 127.226
4830.99 127.222
4832.66 127.221
4834.33 127.225
4836.08 127.224
4838.99 127.224
4841.91 127.226
4843.78 127.225
4847.16 127.224
4849.11 127.219
4851.6 127.22
4854.1 127.219
4857.09 127.213
4859.8 127.208
4862.53 127.207
4865.42 127.205
4868.29 127.205
4870.4 127.203
4872.04 127.203
4873.69 127.203
4875.34 127.202
4876.97 127.204
4878.53 127.207
4880.44 127.209
4882.37 127.207
4884.3 127.207
4886.22 127.203
4888.15 127.204
4890.06 127.205
4891.97 127.203
4893.93 127.195
4896.79 127.194
4898.79 127.193
4900.49 127.191
4902.52 127.188
4904.55 127.186
4906.61 127.185
4908.6 127.186
4910.65 127.182
4912.76 127.182
4914.88 127.182
4917.53 127.178
4919.24 127.176
4921.28 127.177
4923.52 127.178
4925.85 127.179
4928.21 127.179
4930.45 127.183
4932.69 127.183
4934.93 127.181
4937.91 127.18
4940.6 127.178
4942.55 127.173
4945 127.173
4947.61 127.17
4950.19 127.169
4952.61 127.167
4955.02 127.167
4957.44 127.167
4959.94 127.168
4962.26 127.166
4964.6 127.163
4967.01 127.163
4969.43 127.164
4971.86 127.165
4974.27 127.165
4976.7 127.165
4979.1 127.163
4981.56 127.159
4984.68 127.156
4987.11 127.152
4989.56 127.148
4992.83 127.143
4996.11 127.139
4998.11 127.138
5000 127.138
5001.54 127.136
5003.09 127.131
5004.62 127.129
5006.08 127.122
5007.56 127.12
5009.17 127.116
5010.75 127.117
5012.38 127.118
5014.03 127.12
5015.68 127.123
5017.33 127.125
5018.92 127.122
5020.52 127.123
5022.13 127.12
5024.69 127.119
5028.05 127.116
5031.1 127.115
5034.44 127.111
5037.27 127.106
5040.03 127.102
5042.8 127.1
5045.99 127.098
5048.11 127.098
5051.16 127.099
5052.89 127.101
5054.48 127.1
5056.09 127.103
5057.69 127.103
5059.3 127.102
5060.89 127.103
5063.68 127.103
5066.16 127.101
5068.12 127.1
5070.32 127.097
5073.48 127.093
5076.21 127.09
5078.96 127.09
5081.77 127.089
5084.33 127.089
5086.97 127.09
5089.66 127.088
5092.32 127.084
5094.94 127.082
5097.59 127.081
5100.61 127.079
5103.14 127.075
5105.14 127.076
5107.66 127.072
5110.25 127.068
5112.82 127.062
5115.59 127.061
5118.45 127.058
5120.56 127.059
5122.61 127.056
5125.25 127.054
5127.87 127.05
5130.5 127.046
5132.98 127.042
5134.93 127.038
5136.77 127.036
5138.7 127.035
5140.55 127.035
5142.3 127.032
5144.09 127.029
5145.88 127.025
5147.45 127.024
5149.02 127.022
5150.57 127.021
5152.09 127.019
5153.65 127.02
5155.21 127.019
5156.76 127.022
5158.32 127.022
5159.89 127.017
5161.42 127.013
5162.96 127.011
5164.53 127.013
5166.1 127.012
5167.67 127.013
5169.23 127.011
5170.8 127.008
5172.37 126.999
5173.99 126.996
5175.61 126.99
5178.37 126.985
5180.52 126.983
5182.37 126.98
5184.54 126.98
5186.68 126.983
5188.8 126.982
5190.91 126.981
5193.06 126.979
5195.36 126.977
5197.21 126.976
5199.34 126.974
5201.89 126.975
5204.18 126.978
5206.39 126.977
5208.59 126.975
5210.78 126.974
5213.39 126.973
5216.68 126.97
5218.83 126.971
5221.75 126.972
5224.66 126.972
5227.49 126.972
5230.31 126.971
5233.05 126.969
5235.43 126.966
5238.59 126.967
5240.36 126.964
5241.78 126.963
5243.54 126.965
5245.3 126.965
5247.06 126.966
5248.48 126.961
5249.89 126.958
5251.29 126.954
5252.75 126.952
5254.32 126.952
5255.85 126.948
5257.38 126.942
5258.96 126.937
5260.55 126.931
5262.13 126.929
5263.73 126.927
5265.31 126.921
5266.9 126.919
5268.56 126.917
5270.18 126.912
5271.79 126.908
5273.32 126.905
5274.84 126.902
5276.43 126.897
5278.02 126.891
5279.61 126.886
5281.19 126.879
5282.77 126.878
5284.36 126.88
5285.95 126.878
5288.14 126.876
5289.77 126.872
5291.42 126.867
5292.78 126.862
5294.3 126.861
5295.84 126.859
5297.37 126.857
5298.91 126.858
5300.44 126.856
5301.98 126.851
5303.62 126.851
5304.98 126.849
5307.01 126.849
5309.17 126.848
5311.44 126.845
5313.56 126.842
5315.67 126.839
5317.78 126.835
5320.07 126.835
5322.13 126.834
5324.05 126.833
5326.15 126.832
5328.26 126.828
5330.37 126.829
5332.48 126.829
5334.59 126.831
5336.73 126.828
5338.57 126.828
5341.1 126.826
5343.68 126.824
5345.51 126.822
5347 126.822
5348.52 126.82
5350.29 126.816
5352.69 126.812
5354.74 126.81
5356.17 126.806
5357.88 126.803
5359.83 126.801
5362.11 126.801
5364.39 126.796
5366.67 126.791
5368.95 126.786
5371.23 126.783
5374.14 126.781
5375.97 126.781
5378.06 126.778
5380.34 126.776
5382.61 126.775
5384.89 126.773
5387.17 126.769
5389.41 126.766
5391.19 126.766
5393.63 126.764
5395.73 126.766
5397.16 126.764
5398.86 126.762
5400.63 126.758
5402.4 126.756
5404.32 126.758
5406.86 126.757
5409.43 126.758
5412.2 126.758
5414.46 126.758
5417.02 126.755
5419.58 126.757
5422.14 126.756
5424.7 126.753
5427.42 126.753
5430.84 126.751
5432.99 126.748
5435.54 126.748
5438.03 126.747
5440.74 126.745
5443 126.743
5445.08 126.741
5447.15 126.742
5449.35 126.742
5450.93 126.739
5453.01 126.736
5455.08 126.732
5457.16 126.731
5459.8 126.731
5462.44 126.728
5465.1 126.727
5468.37 126.725
5470.38 126.722
5472.57 126.719
5475.59 126.715
5478.14 126.713
5480.73 126.712
5483.49 126.712
5486.03 126.711
5488.08 126.709
5489.84 126.706
5492 126.703
5494.06 126.703
5496.18 126.699
5498.28 126.695
5500.1 126.691
5501.91 126.687
5504.45 126.685
5506.96 126.684
5508.34 126.679
5509.76 126.678
5511.51 126.678
5514.22 126.676
5516.83 126.671
5519.18 126.668
5521.57 126.665
5524.48 126.664
5526.81 126.662
5529.43 126.659
5531.66 126.656
5533.77 126.652
5536.01 126.653
5538.7 126.653
5541.38 126.653
5544.29 126.651
5546.54 126.65
5549.11 126.649
5551.03 126.649
5552.52 126.646
5554.01 126.643
5555.51 126.643
5557 126.644
5558.51 126.64
5559.94 126.639
5561.25 126.637
5562.71 126.634
5564.17 126.632
5565.61 126.629
5568.03 126.625
5570.57 126.622
5573.22 126.621
5576.15 126.616
5578.22 126.612
5580.48 126.607
5582.6 126.607
5584.73 126.61
5587.45 126.611
5589.97 126.607
5592.62 126.607
5595.56 126.604
5597.73 126.603
5600.61 126.602
5603.54 126.6
5606.55 126.6
5608.56 126.599
5610.58 126.598
5613.05 126.597
5615.35 126.593
5616.86 126.589
5618.86 126.587
5620.27 126.585
5621.68 126.581
5623.08 126.579
5625.48 126.577
5627.52 126.578
5629.98 126.576
5632.01 126.574
5634.34 126.574
5636.63 126.574
5638.47 126.575
5640.13 126.574
5641.73 126.573
5643.32 126.574
5646.07 126.571
5648.98 126.568
5651.14 126.569
5653.52 126.567
5656.37 126.567
5659.34 126.568
5661.65 126.566
5663.73 126.565
5665.94 126.563
5668.62 126.561
5670.36 126.558
5672.6 126.556
5674.43 126.553
5676.05 126.551
5678.43 126.551
5680.96 126.547
5683.6 126.543
5687.09 126.539
5689.07 126.539
5691.09 126.539
5693.42 126.54
5695.73 126.538
5698.04 126.539
5700.35 126.538
5703.07 126.537
5705.12 126.539
5707.38 126.538
5709.58 126.537
5712.64 126.533
5714.47 126.53
5716.57 126.529
5718.84 126.525
5720.35 126.525
5721.73 126.522
5723.09 126.52
5724.74 126.519
5726.39 126.516
5728.2 126.514
5730.03 126.514
5731.86 126.514
5733.87 126.514
5736.88 126.509
5738.61 126.506
5740.2 126.503
5742.31 126.501
5744.77 126.499
5747.48 126.494
5750.1 126.493
5752.82 126.491
5755.03 126.491
5757.72 126.49
5759.99 126.491
5762.23 126.489
5764.48 126.486
5766.67 126.485
5768.36 126.482
5770.99 126.479
5773.89 126.478
5776.7 126.474
5779.39 126.472
5782.37 126.47
5785.38 126.466
5788.39 126.464
5791.51 126.462
5794.87 126.458
5797.42 126.455
5800.26 126.453
5802.98 126.452
5805.78 126.451
5808.29 126.449
5810.15 126.449
5812.9 126.449
5814.8 126.446
5817.08 126.44
5819.51 126.434
5821.93 126.43
5824.32 126.425
5826.88 126.421
5829.41 126.417
5832.48 126.416
5835.38 126.412
5837.72 126.411
5840.12 126.408
5842.53 126.403
5844.97 126.399
5847.37 126.395
5849.76 126.393
5852.18 126.394
5854.62 126.39
5857.1 126.388
5859.41 126.385
5861.76 126.384
5863.6 126.379
5865.46 126.374
5867.27 126.371
5869.04 126.371
5870.81 126.369
5872.9 126.365
5874.65 126.36
5876.32 126.356
5878.02 126.353
5880.34 126.349
5882.77 126.341
5885.19 126.335
5887.26 126.328
5890.21 126.325
5891.9 126.322
5894.75 126.319
5897.67 126.318
5899.42 126.319
5901.75 126.321
5903.99 126.32
5906.3 126.32
5908.11 126.317
5910.11 126.316
5912.11 126.319
5914.04 126.32
5917.73 126.317
5920.6 126.316
5922.32 126.316
5924.06 126.315
5925.94 126.313
5927.59 126.311
5929.19 126.308
5930.78 126.306
5932.39 126.305
5933.97 126.305
5935.55 126.304
5938.63 126.3
5940.41 126.296
5942.21 126.293
5944.39 126.292
5946.56 126.29
5948.73 126.287
5950.9 126.286
5953.09 126.282
5955.26 126.282
5957.63 126.279
5959.73 126.275
5961.61 126.274
5963.72 126.275
5965.84 126.276
5967.81 126.277
5969.43 126.273
5971.06 126.271
5972.71 126.267
5974.37 126.262
5976.06 126.257
5978.02 126.254
5980.2 126.249
5982.39 126.243
5984.77 126.24
5987.8 126.239
5990.78 126.237
5993.79 126.233
5996.78 126.228
5999.36 126.227
6002.39 126.224
6005.35 126.224
6007.88 126.223
6010.31 126.221
6013.26 126.218
6015.67 126.215
6018.28 126.215
6021.11 126.213
6024.16 126.21
6026.9 126.209
6029.6 126.207
6031.82 126.208
6033.74 126.205
6035.66 126.204
6038.31 126.205
6040.94 126.202
6043.54 126.197
6046.32 126.195
6049.2 126.192
6051.57 126.191
6053.69 126.189
6055.95 126.189
6058.94 126.187
6061.74 126.184
6064.26 126.182
6066.81 126.181
6069.94 126.177
6072.11 126.175
6074 126.171
6076.11 126.168
6078.24 126.164
6080.57 126.161
6082.7 126.159
6084.83 126.155
6087.87 126.153
6089.77 126.151
6091.77 126.15
6093.73 126.146
6095.49 126.143
6097.22 126.142
6098.95 126.142
6100.7 126.141
6103.27 126.139
6105.78 126.138
6107.95 126.139
6109.79 126.136
6112.12 126.135
6115.1 126.134
6118.14 126.132
6121 126.129
6123.64 126.126
6126.57 126.12
6128.82 126.118
6131.15 126.112
6133.93 126.111
6136.54 126.112
6138.75 126.11
6141.05 126.112
6143.49 126.111
6145.92 126.109
6148.99 126.108
6151.59 126.109
6154.08 126.109
6156.9 126.109
6159.46 126.107
6162.09 126.107
6164.7 126.104
6167.72 126.102
6171.52 126.102
6173.81 126.103
6177.04 126.1
6180.31 126.099
6183.48 126.096
6186.12 126.093
6187.61 126.091
6190.09 126.087
6192.41 126.083
6193.92 126.079
6195.91 126.075
6197.88 126.072
6199.74 126.072
6201.23 126.072
6202.81 126.072
6204.39 126.069
6205.97 126.067
6207.57 126.064
6209.44 126.061
6211.64 126.059
6214.49 126.058
6217.14 126.057
6219.83 126.056
6222.66 126.055
6225.94 126.054
6228.46 126.048
6231.18 126.047
6234.01 126.044
6236.83 126.04
6239.68 126.036
6242.06 126.034
6243.64 126.03
6244.98 126.029
6246.47 126.029
6247.96 126.026
6249.46 126.024
6250.95 126.022
6252.44 126.019
6253.93 126.018
6255.46 126.017
6257.07 126.014
6259.32 126.012
6261.76 126.009
6264.29 126.007
6266.97 126.007
6269.5 126.005
6272.03 126.003
6274.56 126.001
6277.18 126.001
6279.48 125.999
6281.14 125.997
6282.84 125.997
6284.55 125.995
6286.25 125.991
6287.95 125.987
6289.63 125.987
6291.18 125.985
6292.73 125.983
6294.41 125.981
6296.08 125.978
6297.67 125.976
6299.03 125.973
6301.25 125.971
6302.83 125.969
6304.34 125.966
6305.86 125.962
6307.38 125.959
6308.91 125.953
6310.53 125.949
6311.87 125.948
6313.21 125.946
6314.84 125.945
6316.47 125.944
6318.21 125.943
6320.21 125.941
6322.22 125.94
6324.26 125.938
6326.48 125.941
6328.55 125.94
6330.4 125.938
6332.44 125.936
6334.49 125.935
6336.54 125.931
6338.61 125.926
6340.71 125.925
6342.96 125.922
6344.85 125.919
6346.95 125.919
6349.13 125.916
6351.27 125.911
6353.41 125.906
6354.95 125.901
6357.38 125.9
6359.9 125.9
6361.57 125.898
6363.52 125.895
6365 125.894
6366.4 125.892
6367.79 125.889
6369.84 125.886
6372.15 125.881
6374.62 125.878
6376.67 125.875
6378.92 125.874
6381.21 125.871
6383.52 125.87
6385.83 125.87
6388.14 125.871
6390.56 125.87
6393.06 125.872
6395.12 125.871
6397.39 125.869
6399.7 125.869
6402.02 125.871
6404.34 125.871
6406.23 125.868
6407.63 125.868
6409.09 125.865
6410.36 125.861
6411.75 125.857
6413.15 125.853
6414.54 125.85
6415.94 125.85
6417.33 125.847
6418.73 125.844
6420.18 125.844
6422.71 125.841
6424.9 125.838
6427.01 125.837
6429.7 125.836
6432.55 125.837
6435.41 125.834
6438.28 125.83
6441.19 125.828
6444.16 125.824
6447.81 125.818
6450.28 125.812
6452.75 125.808
6455.26 125.808
6457.01 125.808
6458.76 125.805
6460.59 125.803
6462.22 125.8
6463.86 125.798
6465.49 125.796
6467.27 125.794
6468.77 125.792
6470.19 125.789
6471.81 125.786
6473.43 125.784
6475.05 125.783
6476.68 125.781
6478.57 125.776
6480.52 125.772
6482.29 125.772
6483.87 125.77
6485.47 125.768
6487.29 125.769
6489.39 125.765
6492.05 125.763
6494.7 125.761
6497.35 125.76
6500 125.761
6502.92 125.761
6505.8 125.759
6507.94 125.754
6510.54 125.75
6512.14 125.749
6513.6 125.745
6515.06 125.742
6516.52 125.739
6517.99 125.736
6519.48 125.734
6520.88 125.732
6522.14 125.729
6523.52 125.728
6524.9 125.726
6526.27 125.723
6527.69 125.721
6529.16 125.722
6530.62 125.722
6532.08 125.719
6533.55 125.713
6535.03 125.708
6536.52 125.707
6537.99 125.704
6539.42 125.703
6540.84 125.701
6542.34 125.698
6544.12 125.698
6545.86 125.697
6547.6 125.697
6550.32 125.696
6553.01 125.694
6555.86 125.692
6558.37 125.688
6560.59 125.685
6563.61 125.682
6566.47 125.68
6568.7 125.68
6570.93 125.682
6573.18 125.678
6575.01 125.676
6576.56 125.674
6577.86 125.673
6579.33 125.67
6580.83 125.667
6582.4 125.668
6584.02 125.67
6585.65 125.67
6587.27 125.668
6590.39 125.664
6592.06 125.661
6593.62 125.657
6595.19 125.656
6598.27 125.655
6600.84 125.655
6602.45 125.654
6604.04 125.65
6605.65 125.649
6607.25 125.645
6608.85 125.641
6610.49 125.638
6612.13 125.64
6613.75 125.639
6615.52 125.635
6617.38 125.633
6619.33 125.632
6621.06 125.629
6622.68 125.627
6624.24 125.625
6625.8 125.619
6627.36 125.614
6629.01 125.61
6630.39 125.608
6631.94 125.609
6633.51 125.61
6635.07 125.608
6636.64 125.607
6638.28 125.605
6639.99 125.603
6641.71 125.601
6643.48 125.597
6645.22 125.596
6646.85 125.594
6648.5 125.592
6650.19 125.588
6651.89 125.587
6654.33 125.585
6656.72 125.583
6659.2 125.579
6661.61 125.575
6664.14 125.573
6666.35 125.571
6668.54 125.567
6670.92 125.563
6673.31 125.56
6675.69 125.557
6678.07 125.554
6680.25 125.552
6682.21 125.55
6684.68 125.545
6686.91 125.54
6688.37 125.537
6690.15 125.535
6692.34 125.532
6693.98 125.53
6695.6 125.529
6697.22 125.526
6699 125.525
6700.82 125.524
6702.51 125.524
6704.21 125.523
6705.99 125.523
6707.77 125.52
6709.54 125.517
6711.33 125.517
6713.1 125.517
6715.56 125.513
6717.99 125.51
6720.67 125.508
6723.22 125.502
6725.44 125.5
6727.77 125.499
6730.21 125.495
6732.65 125.492
6734.5 125.49
6736.09 125.49
6737.68 125.49
6739.18 125.487
6740.81 125.485
6742.42 125.481
6744.02 125.477
6746.86 125.474
6748.73 125.469
6750.59 125.465
6752.46 125.462
6754.43 125.459
6757.23 125.454
6759.35 125.453
6761.58 125.452
6763.21 125.449
6764.8 125.449
6766.36 125.45
6767.89 125.449
6769.41 125.448
6770.94 125.446
6772.47 125.447
6774 125.448
6775.53 125.446
6777.04 125.444
6778.55 125.442
6780.06 125.437
6781.6 125.435
6783.15 125.43
6784.73 125.425
6786.32 125.42
6787.92 125.419
6789.54 125.416
6792.23 125.412
6794.86 125.409
6796.48 125.404
6798.11 125.401
6799.72 125.396
6801.35 125.391
6802.96 125.39
6804.52 125.389
6806.09 125.388
6807.68 125.386
6809.27 125.384
6810.92 125.381
6812.57 125.381
6814.21 125.379
6815.87 125.377
6817.47 125.377
6819.05 125.374
6820.66 125.369
6822.22 125.365
6823.78 125.363
6825.38 125.361
6826.97 125.357
6828.57 125.352
6830.2 125.347
6831.83 125.346
6833.45 125.342
6835.09 125.338
6836.71 125.334
6838.36 125.329
6840.02 125.326
6841.63 125.323
6843.23 125.321
6844.85 125.319
6846.48 125.317
6848.1 125.314
6849.72 125.312
6851.35 125.311
6852.96 125.309
6854.55 125.307
6856.15 125.305
6857.76 125.302
6859.33 125.299
6860.9 125.297
6862.49 125.295
6864.08 125.293
6865.68 125.291
6867.28 125.291
6869.72 125.288
6872.95 125.284
6876.22 125.28
6879.63 125.276
6883.26 125.272
6886.59 125.267
6889.18 125.262
6892.32 125.258
6895.64 125.253
6898.9 125.251
6902.13 125.248
6905.39 125.245
6908.72 125.242
6912.11 125.238
6916.31 125.236
6919.05 125.234
6921.78 125.232
6925.24 125.233
6926.86 125.234
6928.47 125.232
6930.07 125.229
6931.69 125.226
6933.31 125.223
6934.92 125.22
6936.55 125.217
6938.19 125.214
6939.83 125.211
6941.47 125.21
6943.04 125.209
6944.61 125.21
6946.22 125.209
6947.83 125.206
6949.44 125.203
6951.08 125.203
6952.7 125.2
6954.32 125.195
6955.94 125.19
6957.56 125.185
6959.18 125.182
6960.73 125.179
6962.32 125.176
6963.93 125.176
6965.54 125.174
6967.14 125.171
6968.75 125.166
6970.37 125.162
6971.97 125.159
6973.58 125.156
6975.2 125.156
6976.85 125.153
6978.49 125.153
6980.11 125.154
6982.24 125.154
6984.74 125.152
6987.96 125.153
6991.26 125.154
6994.58 125.153
6997.83 125.151
7001.48 125.148
7003.91 125.148
7006.51 125.145
7009.8 125.143
7013.07 125.138
7016.47 125.133
7019.77 125.127
7023.41 125.125
7025.67 125.124
7027.54 125.12
7030.78 125.119
7034.07 125.117
7036.66 125.115
7039.1 125.114
7041.67 125.111
7044.12 125.109
7046.66 125.105
7049.06 125.102
7051.44 125.097
7053.82 125.092
7056.25 125.089
7058.96 125.088
7062.2 125.085
7065.47 125.081
7069.61 125.079
7072.33 125.074
7074.32 125.073
7076.8 125.07
7079.23 125.064
7081.66 125.061
7084.04 125.06
7086.46 125.056
7088.86 125.055
7091.35 125.049
7094.08 125.047
7096.3 125.045
7099.52 125.043
7102.73 125.042
7105.96 125.04
7109.21 125.038
7112.46 125.036
7116.44 125.035
7119.2 125.033
7122.04 125.031
7125.11 125.028
7127.49 125.026
7129.15 125.025
7130.81 125.022
7132.57 125.02
7134.01 125.018
7135.5 125.017
7137.1 125.012
7138.69 125.008
7140.84 125.006
7142.99 125.002
7145.7 125
7148.93 124.997
7151.54 124.998
7153.74 124.997
7156 124.994
7158.4 124.991
7160.85 124.987
7163.32 124.984
7165.73 124.978
7168.18 124.974
7170.58 124.973
7172.78 124.971
7175.53 124.971
7177.93 124.97
7180.33 124.967
7182.76 124.965
7185.29 124.965
7186.89 124.964
7188.47 124.962
7189.79 124.959
7191.17 124.957
7192.64 124.955
7194.22 124.956
7195.78 124.956
7197.91 124.956
7200.02 124.953
7202.76 124.952
7204.95 124.954
7207.08 124.954
7209.78 124.952
7212.62 124.948
7215.68 124.947
7218.92 124.946
7222.13 124.943
7224.79 124.943
7227.16 124.942
7229.26 124.939
7231.66 124.936
7234.05 124.936
7236.44 124.937
7238.45 124.934
7239.89 124.933
7241.37 124.93
7242.76 124.929
7244.16 124.925
7245.76 124.922
7247.36 124.921
7248.98 124.92
7251 124.917
7252.99 124.914
7255.57 124.913
7258.63 124.91
7260.64 124.907
7262.8 124.906
7265.84 124.905
7268.88 124.903
7271.93 124.9
7274.98 124.898
7278.22 124.898
7280.6 124.898
7282.75 124.896
7285.57 124.893
7287.88 124.889
7289.94 124.888
7291.34 124.886
7292.73 124.884
7294.23 124.883
7295.77 124.881
7297.08 124.879
7298.85 124.876
7300.89 124.874
7302.93 124.873
7305.2 124.871
7307.05 124.867
7308.86 124.865
7310.73 124.862
7312.39 124.858
7313.95 124.857
7315.52 124.855
7317.12 124.855
7318.58 124.855
7320.04 124.855
7321.49 124.854
7322.96 124.854
7324.48 124.853
7326.02 124.853
7327.52 124.85
7329.06 124.847
7330.64 124.845
7332.83 124.842
7334.61 124.84
7336.37 124.839
7338.13 124.84
7339.9 124.839
7342.74 124.836
7345.06 124.832
7347.17 124.829
7348.92 124.826
7351.32 124.826
7352.91 124.825
7354.99 124.823
7357.05 124.824
7359.1 124.825
7361.14 124.823
7363.59 124.823
7366.22 124.822
7368.83 124.819
7371.36 124.818
7373.55 124.814
7375.9 124.811
7377.49 124.808
7379.08 124.805
7380.67 124.801
7382.26 124.798
7383.84 124.792
7385.43 124.788
7387.04 124.784
7388.67 124.78
7390.34 124.775
7392.57 124.773
7395.11 124.772
7397.83 124.769
7400.64 124.767
7402.66 124.765
7404.65 124.763
7406.18 124.76
7407.68 124.76
7408.99 124.759
7410.3 124.759
7411.73 124.757
7413.15 124.754
7414.57 124.753
7416 124.75
7417.49 124.748
7419.11 124.746
7421.51 124.743
7423.89 124.74
7426.96 124.737
7430.03 124.735
7433.13 124.733
7436.18 124.73
7439.25 124.728
7442.93 124.725
7445.53 124.723
7448.13 124.722
7450.9 124.719
7453.21 124.716
7455.64 124.713
7458.11 124.71
7460.67 124.707
7463.71 124.702
7465.43 124.698
7468.5 124.695
7470.66 124.694
7472.34 124.69
7473.87 124.686
7475.41 124.684
7476.95 124.684
7478.63 124.683
7480.03 124.681
7481.39 124.681
7482.93 124.679
7484.46 124.679
7486 124.677
7487.56 124.675
7489.17 124.674
7490.78 124.673
7492.39 124.675
7494.01 124.673
7495.54 124.671
7497.1 124.669
7498.7 124.666
7500.29 124.664
7501.89 124.662
7503.49 124.661
7505.09 124.66
7506.69 124.659
7508.29 124.657
7509.91 124.657
7511.56 124.656
7513.1 124.655
7514.57 124.652
7516.14 124.649
7517.78 124.646
7519.42 124.642
7521.06 124.639
7522.7 124.638
7524.34 124.635
7525.98 124.631
7527.62 124.629
7529.22 124.627
7530.78 124.627
7532.13 124.627
7533.82 124.625
7535.45 124.626
7537.06 124.622
7538.67 124.622
7540.29 124.62
7541.91 124.618
7544.39 124.616
7546.84 124.612
7548.43 124.61
7550.13 124.607
7552.08 124.606
7554.03 124.604
7556.54 124.601
7559.17 124.597
7561.77 124.593
7564.65 124.591
7566.53 124.587
7568.26 124.584
7570.38 124.581
7572.51 124.577
7574.64 124.575
7576.76 124.573
7578.63 124.57
7580.31 124.569
7582.01 124.567
7584.13 124.568
7585.49 124.567
7586.84 124.565
7588.52 124.562
7590.19 124.56
7591.87 124.56
7593.54 124.559
7596.18 124.556
7598.03 124.554
7599.88 124.55
7601.75 124.546
7603.37 124.543
7605.22 124.54
7607.09 124.538
7608.69 124.536
7610.3 124.534
7611.91 124.531
7613.52 124.529
7615.12 124.527
7616.72 124.525
7618.36 124.522
7620.34 124.517
7622.22 124.516
7624.37 124.512
7626.84 124.51
7629.31 124.508
7631.77 124.506
7634.25 124.503
7636.37 124.501
7638.75 124.498
7640.31 124.497
7642.18 124.497
7644.28 124.496
7646.36 124.496
7648.46 124.493
7650.46 124.49
7653.01 124.488
7655.93 124.486
7658.78 124.483
7660.49 124.483
7662.15 124.482
7663.87 124.48
7665.61 124.479
7667.38 124.477
7669.14 124.475
7670.9 124.472
7672.64 124.468
7674.42 124.466
7676.22 124.462
7677.89 124.458
7679.57 124.454
7681.35 124.45
7683.51 124.447
7685.68 124.443
7687.85 124.44
7689.94 124.438
7691.61 124.435
7693.78 124.433
7695.67 124.429
7697.97 124.426
7700.27 124.424
7702.53 124.42
7704.66 124.416
7707.05 124.414
7709.99 124.411
7712.14 124.407
7714.03 124.404
7716.42 124.403
7718.87 124.402
7721.3 124.4
7723.74 124.396
7726.15 124.393
7729.41 124.389
7733.2 124.384
7736.76 124.38
7739.04 124.378
7742.3 124.376
7745.59 124.374
7748.88 124.371
7752.16 124.368
7755.42 124.364
7758.66 124.362
7760.93 124.358
7764.18 124.356
7766.88 124.354
7769.52 124.353
7772.15 124.351
7774.8 124.349
7777.7 124.346
7780.12 124.345
7782.61 124.345
7785.27 124.341
7787.9 124.34
7790.52 124.338
7793.16 124.337
7795.92 124.334
7798.36 124.333
7800.78 124.331
7803.18 124.327
7805.6 124.324
7808.02 124.32
7810.42 124.318
7812.84 124.317
7815.25 124.313
7817.8 124.312
7820.31 124.31
7822.63 124.308
7824.97 124.304
7827.36 124.301
7829.77 124.299
7832.17 124.298
7834.6 124.297
7837 124.294
7839.42 124.291
7841.89 124.289
7844.21 124.284
7846.55 124.28
7848.96 124.277
7850.81 124.275
7852.66 124.272
7854.52 124.269
7856.37 124.265
7858.79 124.261
7861.4 124.257
7864.36 124.254
7866.25 124.252
7868.52 124.251
7871.05 124.249
7873.61 124.247
7876.17 124.246
7878.73 124.244
7881.25 124.242
7884.27 124.241
7886.95 124.24
7889.88 124.239
7893.18 124.241
7896.61 124.239
7900.5 124.237
7903.67 124.236
7907.04 124.235
7910.53 124.231
7914.01 124.229
7917.5 124.228
7920.62 124.228
7923.57 124.226
7926.02 124.222
7928.44 124.22
7930.86 124.218
7933.31 124.216
7935.77 124.213
7938.32 124.211
7940.93 124.207
7943.26 124.204
7945.59 124.2
7948.09 124.198
7950.57 124.195
7953.06 124.193
7955.52 124.192
7958.33 124.191
7961.09 124.188
7963.82 124.185
7966.48 124.182
7969.37 124.181
7972.02 124.178
7974.64 124.176
7977.26 124.173
7980.14 124.173
7982.85 124.171
7985.2 124.17
7987.82 124.166
7990.47 124.16
7993.09 124.155
7995.7 124.151
7998.32 124.148
8000.94 124.144
8003.44 124.14
8006.25 124.137
8009.02 124.136
8011.87 124.133
8014.67 124.129
8017.57 124.125
8020.74 124.123
8023.28 124.123
8025.58 124.121
8028.43 124.118
8031.27 124.116
8034.13 124.114
8036.97 124.111
8039.82 124.109
8042.83 124.106
8045.41 124.104
8047.32 124.103
8048.95 124.1
8050.57 124.097
8052.2 124.094
8054.11 124.091
8056.02 124.085
8057.92 124.08
8059.56 124.077
8061.18 124.076
8064.04 124.074
8066.72 124.07
8068.53 124.066
8070.62 124.061
8072.86 124.058
8075.11 124.059
8077.36 124.058
8079.61 124.057
8081.87 124.054
8084.13 124.053
8087.11 124.051
8088.93 124.049
8090.99 124.045
8093.2 124.044
8095.15 124.044
8096.94 124.044
8098.98 124.042
8100.98 124.039
8103.13 124.036
8105.43 124.035
8106.87 124.033
8108.55 124.031
8111.03 124.028
8113.65 124.027
8116.35 124.026
8119.09 124.022
8120.7 124.019
8122.31 124.017
8124.07 124.015
8125.75 124.012
8127.46 124.008
8129.18 124.007
8130.9 124.004
8132.62 124
8134.33 123.996
8136.04 123.996
8137.77 123.994
8139.54 123.99
8141.34 123.986
8143.16 123.983
8144.88 123.982
8146.56 123.98
8148.61 123.976
8150.62 123.973
8152.6 123.969
8154.57 123.966
8156.53 123.964
8159.01 123.962
8160.55 123.959
8162.23 123.959
8164.2 123.958
8166.87 123.957
8168.47 123.955
8170.07 123.954
8171.68 123.951
8173.3 123.949
8175.7 123.948
8178.85 123.946
8181.51 123.944
8184.09 123.943
8186.98 123.942
8189.88 123.938
8192.41 123.934
8194.81 123.931
8197.33 123.927
8199.76 123.922
8202.81 123.917
8204.99 123.914
8207.96 123.911
8210.92 123.908
8213.92 123.903
8216.55 123.9
8218.12 123.897
8219.71 123.892
8221.3 123.888
8222.61 123.883
8224.31 123.882
8226.57 123.883
8228.52 123.88
8230.46 123.877
8232.4 123.874
8234.79 123.871
8237.19 123.868
8239.66 123.865
8241.46 123.863
8243.35 123.86
8245.25 123.858
8247.14 123.856
8249.04 123.855
8250.96 123.855
8252.87 123.855
8255.63 123.852
8258.45 123.849
8260.06 123.845
8261.66 123.843
8263.63 123.839
8266.15 123.835
8268.76 123.832
8271.38 123.828
8273.45 123.824
8275.5 123.82
8277.32 123.818
8278.84 123.816
8280.68 123.814
8282.32 123.814
8283.94 123.812
8285.57 123.81
8287.39 123.808
8289.37 123.805
8292.25 123.803
8294.93 123.803
8296.67 123.8
8298.56 123.799
8300.69 123.798
8302.84 123.796
8305 123.794
8307.17 123.791
8309.32 123.788
8311.48 123.785
8314.34 123.782
8316.1 123.781
8317.84 123.78
8319.98 123.78
8321.71 123.778
8323.33 123.775
8324.95 123.773
8326.56 123.77
8328.29 123.767
8330.55 123.763
8332.45 123.762
8333.84 123.76
8335.76 123.757
8337.9 123.754
8340.22 123.751
8342.71 123.745
8345.31 123.742
8347.91 123.737
8350.78 123.732
8352.8 123.729
8354.81 123.727
8357.4 123.724
8359.82 123.72
8362.3 123.716
8364.76 123.712
8367.02 123.71
8369.38 123.707
8371.31 123.705
8373.23 123.704
8374.83 123.701
8376.92 123.696
8378.98 123.695
8381.07 123.694
8383.24 123.694
8385.59 123.691
8386.89 123.689
8388.16 123.686
8389.57 123.684
8391.36 123.682
8393.73 123.681
8396.16 123.681
8398.67 123.68
8400.37 123.677
8402.02 123.673
8403.65 123.67
8405.2 123.666
8406.76 123.661
8408.39 123.658
8410.01 123.655
8411.63 123.651
8413.23 123.649
8414.84 123.646
8417.83 123.645
8420.79 123.643
8424 123.641
8426.2 123.64
8428.08 123.638
8429.96 123.636
8431.84 123.633
8433.63 123.63
8435.3 123.628
8436.98 123.628
8438.82 123.628
8440.68 123.624
8442.12 123.621
8443.64 123.62
8445.1 123.619
8446.57 123.614
8448.06 123.611
8449.54 123.609
8452.07 123.606
8454.61 123.602
8456.85 123.599
8459.34 123.597
8461.75 123.593
8464.15 123.591
8466.62 123.589
8469.08 123.586
8471.84 123.585
8474.11 123.583
8476.4 123.58
8478.83 123.576
8481.38 123.575
8483.85 123.573
8486.25 123.57
8488.21 123.568
8490.24 123.567
8492.06 123.565
8493.57 123.562
8495.52 123.559
8497.46 123.558
8499.4 123.556
8501.35 123.554
8503.29 123.553
8505.36 123.553
8507.67 123.551
8509.14 123.547
8511.14 123.545
8513.52 123.543
8515.9 123.54
8518.29 123.538
8520.67 123.536
8523.05 123.535
8525.43 123.534
8527.94 123.532
8530.1 123.531
8531.88 123.529
8533.48 123.526
8535.08 123.524
8536.69 123.522
8538.3 123.521
8539.91 123.519
8541.52 123.515
8543.14 123.512
8544.77 123.509
8546.43 123.507
8548.07 123.504
8549.63 123.5
8551.18 123.496
8552.74 123.491
8554.25 123.487
8555.75 123.485
8557.25 123.484
8558.75 123.482
8560.35 123.478
8562.27 123.475
8563.77 123.473
8565.32 123.471
8566.97 123.47
8568.75 123.468
8570.66 123.466
8572.57 123.465
8574.49 123.464
8576.42 123.462
8578.44 123.459
8580.4 123.457
8582.23 123.456
8584.13 123.454
8586.05 123.452
8587.97 123.451
8589.89 123.451
8591.8 123.449
8593.72 123.447
8595.65 123.446
8597.61 123.444
8599.42 123.439
8601.29 123.434
8603.21 123.432
8605.12 123.43
8606.96 123.427
8608.67 123.425
8610.38 123.424
8612.24 123.422
8614.15 123.417
8615.63 123.412
8617.32 123.408
8619.03 123.405
8620.74 123.404
8622.45 123.403
8624.31 123.402
8626.17 123.4
8628.09 123.397
8629.85 123.392
8631.59 123.386
8634.1 123.381
8636.61 123.379
8639.12 123.378
8641.62 123.376
8644.12 123.375
8646.63 123.373
8649.38 123.371
8651.99 123.368
8654.27 123.366
8656.55 123.363
8659.06 123.361
8660.93 123.358
8662.81 123.356
8664.69 123.353
8666.57 123.35
8668.29 123.348
8670.23 123.346
8672.07 123.343
8673.9 123.343
8675.79 123.339
8677.67 123.336
8679.56 123.332
8681.43 123.329
8683.3 123.328
8685.17 123.325
8687.04 123.322
8688.79 123.32
8690.47 123.318
8692.14 123.316
8693.84 123.314
8695.55 123.312
8697.27 123.312
8698.97 123.311
8700.68 123.309
8702.39 123.307
8704.09 123.304
8705.84 123.302
8707.55 123.3
8709.22 123.298
8710.93 123.296
8712.65 123.294
8714.34 123.291
8716.05 123.289
8717.75 123.286
8719.45 123.284
8721.15 123.281
8722.85 123.278
8724.61 123.273
8726.35 123.27
8728.02 123.266
8729.69 123.263
8731.39 123.259
8733.1 123.257
8734.81 123.254
8736.54 123.253
8738.24 123.251
8739.96 123.248
8741.66 123.244
8743.41 123.238
8745.1 123.234
8746.77 123.233
8749.41 123.229
8751.97 123.227
8754.49 123.223
8757.03 123.22
8759.57 123.219
8762.11 123.216
8764.06 123.214
8766 123.21
8768.47 123.207
8770.93 123.205
8773.48 123.202
8776.18 123.201
8778.96 123.2
8781.59 123.199
8783.88 123.198
8786.3 123.196
8788.8 123.192
8791.13 123.19
8793.48 123.188
8795.95 123.188
8798.43 123.186
8801.7 123.184
8804.95 123.183
8808.43 123.179
8811.69 123.175
8814.67 123.173
8817.92 123.17
8821.17 123.167
8824.42 123.164
8827.97 123.162
8830.78 123.16
8833.55 123.157
8836.3 123.154
8839.05 123.153
8841.78 123.151
8844.84 123.149
8847.44 123.146
8850.06 123.142
8852.81 123.139
8855.45 123.136
8858.18 123.135
8861.16 123.132
8864.09 123.128
8866.54 123.126
8869.3 123.122
8872.04 123.119
8874.83 123.117
8876.59 123.117
8878.53 123.115
8880.33 123.115
8882.1 123.115
8883.83 123.114
8885.68 123.114
8887.6 123.111
8890.08 123.109
8893.16 123.104
8895.89 123.101
8897.96 123.099
8900.12 123.097
8901.96 123.093
8903.75 123.091
8905.73 123.089
8907.7 123.088
8909.69 123.089
8911.71 123.087
8913.7 123.085
8915.87 123.082
8918.13 123.081
8919.97 123.079
8922 123.078
8924.92 123.076
8927.74 123.075
8930.55 123.073
8933.45 123.07
8936.62 123.066
8938.87 123.063
8941.33 123.061
8944.18 123.059
8947.06 123.058
8949.94 123.057
8952.84 123.057
8955.87 123.054
8959.31 123.052
8961.43 123.048
8963.39 123.045
8965.24 123.044
8968.66 123.041
8972.02 123.039
8975.4 123.037
8978.76 123.034
8982.14 123.033
8986.17 123.033
8989.12 123.032
8991.84 123.03
8995.22 123.027
8998.58 123.027
9001.95 123.027
9003.79 123.025
9005.7 123.021
9007.57 123.018
9009.07 123.014
9010.57 123.011
9012.09 123.008
9013.74 123.004
9015.37 123.001
9016.95 123
9018.57 122.996
9020.2 122.993
9021.82 122.99
9023.45 122.988
9025.08 122.987
9026.7 122.984
9028.33 122.98
9030.32 122.977
9032.35 122.976
9034.21 122.973
9036.08 122.97
9038.01 122.967
9039.93 122.965
9041.87 122.963
9043.8 122.963
9045.72 122.962
9047.63 122.958
9049.97 122.956
9052.71 122.954
9055.8 122.95
9058.74 122.948
9061.52 122.945
9064.26 122.942
9067.6 122.939
9069.5 122.936
9071.8 122.933
9074.46 122.929
9077.12 122.927
9079.72 122.925
9082.31 122.923
9084.92 122.922
9088.13 122.921
9090.02 122.92
9091.59 122.917
9093.21 122.914
9094.84 122.914
9096.46 122.913
9098.03 122.91
9099.54 122.908
9101.04 122.907
9102.53 122.903
9104.14 122.899
9105.49 122.895
9106.84 122.892
9108.34 122.889
9109.92 122.884
9111.58 122.881
9113.35 122.88
9115.9 122.878
9117.66 122.876
9119.46 122.872
9121.28 122.869
9123.04 122.867
9124.68 122.865
9126.43 122.863
9129.47 122.859
9132.5 122.856
9135.61 122.852
9138.69 122.849
9141.81 122.845
9144.95 122.844
9146.6 122.841
9148.16 122.838
9149.98 122.837
9152.59 122.835
9155.18 122.832
9157.77 122.829
9159.4 122.826
9161.05 122.822
9162.87 122.819
9164.51 122.814
9165.94 122.81
9167.62 122.805
9169.27 122.803
9170.94 122.8
9173 122.797
9175.05 122.794
9178.25 122.791
9180.69 122.787
9183.13 122.785
9186.09 122.781
9189.03 122.779
9192 122.777
9194.96 122.776
9196.8 122.773
9198.75 122.772
9200.61 122.77
9202.06 122.769
9203.48 122.765
9204.95 122.761
9206.42 122.757
9207.89 122.755
9209.35 122.754
9210.82 122.752
9212.28 122.75
9213.88 122.749
9215.49 122.748
9217.4 122.745
9219.32 122.744
9221.6 122.741
9223.67 122.738
9225.32 122.734
9227.05 122.732
9228.78 122.729
9230.78 122.727
9232.74 122.724
9235.26 122.724
9237.23 122.721
9238.73 122.721
9241.21 122.72
9243.68 122.717
9246.16 122.714
9247.76 122.712
9249.35 122.711
9251.01 122.709
9252.66 122.707
9254.32 122.703
9255.91 122.7
9257.48 122.697
9259.12 122.694
9260.75 122.69
9262.37 122.686
9263.99 122.683
9265.6 122.68
9267.2 122.679
9268.82 122.677
9270.44 122.676
9272.08 122.676
9273.74 122.675
9275.37 122.675
9276.92 122.672
9278.86 122.668
9280.97 122.665
9283.08 122.664
9285.19 122.661
9287.3 122.659
9289.4 122.656
9291.8 122.653
9293.46 122.652
9295.24 122.649
9297.35 122.649
9300.45 122.647
9303.55 122.647
9306.65 122.647
9309.8 122.646
9313.42 122.643
9315.89 122.64
9318.55 122.638
9321.65 122.637
9323.32 122.634
9324.94 122.631
9326.56 122.629
9328.17 122.628
9330.92 122.626
9334.14 122.625
9336.17 122.625
9338.68 122.623
9341.78 122.62
9344.84 122.618
9347.72 122.617
9349.95 122.615
9352.42 122.612
9355.08 122.61
9356.67 122.608
9358.69 122.604
9361.07 122.601
9363.32 122.599
9366.4 122.596
9369.48 122.594
9372.84 122.594
9375.21 122.59
9376.94 122.587
9378.82 122.585
9380.68 122.584
9382.3 122.581
9383.92 122.577
9385.54 122.575
9387.16 122.575
9388.77 122.573
9390.34 122.571
9391.97 122.569
9393.59 122.566
9395.13 122.564
9396.67 122.561
9398.28 122.559
9400.12 122.556
9402.04 122.554
9403.87 122.553
9405.37 122.552
9406.87 122.55
9408.41 122.547
9410.64 122.545
9412.06 122.543
9413.69 122.541
9415.45 122.536
9417.22 122.533
9419.13 122.529
9421.41 122.526
9423.7 122.523
9425.98 122.52
9428.97 122.518
9431.75 122.516
9433.58 122.513
9435.6 122.511
9437.68 122.507
9439.75 122.505
9441.82 122.503
9443.89 122.5
9445.49 122.496
9448.54 122.494
9450.64 122.491
9453.07 122.487
9455.86 122.483
9457.94 122.482
9460 122.48
9462.06 122.477
9464.15 122.476
9465.88 122.475
9467.54 122.474
9468.9 122.47
9470.46 122.468
9472.27 122.467
9474.82 122.464
9477.42 122.462
9480.02 122.46
9482.8 122.458
9485.44 122.457
9488.1 122.455
9490.93 122.453
9493.75 122.452
9496.57 122.449
9499.48 122.446
9502.65 122.444
9505.05 122.443
9507.87 122.442
9509.99 122.439
9512.1 122.436
9514.03 122.432
9515.74 122.429
9517.32 122.427
9518.85 122.426
9520.19 122.425
9522.14 122.423
9524.09 122.423
9526.04 122.421
9527.99 122.417
9529.94 122.416
9532.34 122.413
9534.97 122.413
9537.43 122.412
9539.17 122.41
9540.94 122.409
9542.79 122.407
9544.63 122.404
9546.48 122.403
9548.31 122.4
9550.16 122.399
9551.99 122.397
9553.91 122.394
9555.65 122.392
9557.44 122.391
9559.31 122.388
9561.7 122.386
9564.09 122.384
9566.48 122.381
9568.87 122.378
9571.53 122.374
9574.43 122.373
9576.23 122.37
9577.74 122.37
9579.74 122.368
9581.75 122.366
9583.78 122.363
9585.79 122.36
9587.81 122.358
9589.48 122.355
9591.18 122.351
9593.79 122.347
9596.41 122.344
9598.67 122.341
9600.92 122.337
9603.18 122.334
9605.47 122.333
9607.92 122.332
9610.72 122.329
9612.99 122.326
9615.37 122.324
9618.4 122.324
9620.68 122.322
9622.96 122.322
9625.23 122.321
9627.23 122.319
9629 122.315
9631.15 122.312
9632.58 122.31
9634.27 122.308
9636.04 122.306
9637.82 122.303
9639.59 122.3
9641.56 122.299
9643.84 122.297
9646.12 122.295
9648.97 122.292
9651.56 122.29
9653.36 122.287
9655.46 122.285
9657.72 122.281
9660.04 122.279
9662.36 122.277
9664.03 122.277
9665.64 122.275
9667.26 122.274
9668.89 122.272
9671.86 122.27
9674.03 122.267
9676.96 122.264
9679.95 122.261
9682.14 122.259
9684.57 122.257
9686.96 122.255
9688.83 122.254
9690.7 122.253
9692.53 122.252
9694.29 122.25
9696.22 122.248
9698.14 122.247
9700.06 122.246
9702 122.245
9703.97 122.244
9705.96 122.242
9707.98 122.24
9710.02 122.238
9711.92 122.235
9713.85 122.232
9715.76 122.229
9717.66 122.227
9719.55 122.224
9721.45 122.222
9723.36 122.219
9725.3 122.216
9727.28 122.214
9729.31 122.212
9731.29 122.21
9733.16 122.208
9735.04 122.206
9737.03 122.204
9739 122.201
9740.97 122.198
9742.96 122.196
9744.59 122.192
9746.23 122.189
9747.86 122.186
9749.51 122.183
9751.13 122.181
9752.73 122.178
9754.32 122.176
9755.94 122.173
9757.57 122.171
9759.22 122.171
9760.84 122.17
9762.46 122.169
9764.11 122.168
9765.74 122.167
9767.37 122.165
9768.99 122.164
9770.65 122.164
9772.3 122.162
9773.95 122.159
9775.54 122.156
9777.12 122.153
9778.75 122.151
9780.39 122.149
9782.01 122.146
9783.65 122.144
9785.28 122.143
9786.92 122.142
9788.54 122.138
9790.17 122.136
9791.81 122.133
9793.42 122.132
9795 122.13
9796.58 122.129
9799.33 122.128
9801.87 122.125
9804.31 122.123
9806.72 122.121
9809.2 122.118
9811.7 122.115
9814.95 122.113
9817.88 122.111
9819.8 122.109
9821.76 122.105
9824.57 122.103
9827.29 122.103
9829.65 122.102
9831.9 122.1
9834.14 122.097
9836.46 122.094
9838.44 122.091
9840.76 122.087
9843.03 122.084
9845.29 122.08
9847.27 122.078
9849.44 122.075
9851.85 122.071
9853.77 122.068
9855.76 122.065
9858.63 122.061
9861.42 122.058
9864.24 122.056
9867.07 122.055
9870.07 122.052
9872.56 122.05
9875.48 122.047
9878.3 122.044
9881.16 122.039
9883.15 122.035
9885.74 122.032
9888.83 122.029
9891.19 122.025
9893.82 122.023
9896.55 122.02
9899.4 122.018
9902.13 122.015
9904.76 122.014
9907.45 122.012
9909.78 122.009
9912.64 122.009
9915.4 122.008
9918.19 122.007
9920.95 122.005
9924.05 122.002
9926.67 121.998
9929.3 121.994
9932.46 121.993
9935.65 121.99
9938.88 121.987
9942.13 121.985
9944.55 121.983
9947.3 121.98
9950.06 121.978
9952.81 121.976
9955.56 121.973
9958.66 121.971
9961.18 121.969
9963.13 121.967
9965.37 121.965
9967.59 121.963
9969.86 121.962
9972.11 121.958
9974.36 121.956
9976.59 121.955
9979.82 121.951
9982.1 121.947
9984.75 121.946
9987.43 121.944
9990.09 121.943
9992.8 121.941
9995.51 121.94
9998.53 121.938
10001.1 121.936
10003 121.934
10005.2 121.931
10007.4 121.929
10009.5 121.925
10011.7 121.923
10013.8 121.921
10016.7 121.918
10018.8 121.915
10021.7 121.913
10024.6 121.91
10027.6 121.907
10030.4 121.904
10033 121.902
10035.8 121.899
