time objective
39.3168 49363.3
74.317 38476.8
127.286 34208.4
182.13 31556.9
233.31 29731.5
275.949 28808.5
320.262 27688.4
371.923 26803.4
422.569 26470.5
473.106 26152.6
526.338 25708.1
588.363 25438.8
639.301 24944.6
690.005 25008.1
746.025 24607.3
804.661 24183.5
861.392 24489.6
919.445 23735
957.505 24002.2
991.776 23510.1
1030.94 23552.2
1082.52 23580.7
1132.75 23100.8
1191.51 23321.4
1251.14 22927.9
1306.27 23098.6
1356.11 22628.4
1390.74 23033.6
1425.37 22464.8
1459.99 22333.7
1492.97 22759.4
1537.76 22786.3
1584.64 22201.4
1623.73 22395.3
1658.14 22296.9
1700.26 22425.6
1740.41 22520.6
1779.88 22530.4
1829.81 22675.5
1892.85 21890.9
1932.81 22181.3
1989.11 21916.7
2045.14 22059.6
2097.73 21750.4
2154.24 21958
2198.42 22141
2241.29 22095.3
2294.14 21874.7
2353.2 21776.4
2411.89 22278.7
2467.78 21842.2
2507.36 21807.6
2563.13 21933.5
2612.1 21688.5
2652.1 21875.4
2686.06 21782.7
2733.99 21656.4
2779.87 21412.7
2829.38 21758.4
2875.78 21732.9
2934.27 21934.5
2984.9 21801.2
3034.2 21687.2
3079.52 21804.2
3114.36 21666.7
3163.35 21684.8
3225.47 21421.4
3285.46 21320.2
3343.28 21452.1
3406.32 21285
3465.01 21319.7
3517.78 21458.8
3570.14 21416.5
3623.32 21557.7
3673.27 21663.3
3741.2 21552.1
3813.12 21267.9
3889.17 21152.3
3960.9 21476.1
4014.75 21889.5
4072.67 21676.1
4104.87 21582.1
4143.14 21388.7
4190.12 21430
4238.74 21629.6
4280.73 21734.3
4324.82 21389.3
4365.35 21405.8
4416.95 21178.5
4472.53 21273.8
4522.51 21657
4573.3 21286.5
4640.92 21286.7
4704.16 21211.8
4767.52 21434.7
4822.65 21021.5
4874.43 21368.7
4934.68 21359.2
4979.69 21440.8
5014.99 21225.3
5050.58 21161.7
5103.21 21296.8
5141.99 21349.4
5193.14 21503.6
5255.23 21351.6
5321.27 21330.6
5373.57 21132.9
5424.13 21249.8
5473.7 21496.1
5524.41 21347.8
5573.89 21397.5
5618.55 21313.3
5668.36 21021.9
5728.55 21306.7
5784.58 21304.3
5842.4 21214.3
5888.41 20918.2
5943.15 21316.9
5992.29 21145.1
6041.35 21328.6
6090.28 20776.6
6138.92 21225.7
6180.82 21209.2
6215.81 21040.1
6251.02 21169.1
6285.97 21046
6320.88 21139.4
6366.71 21166.5
6412.53 21523.7
6462.74 21492.9
6505.03 21033
6549.97 20841.9
6608.62 21205.1
6666.57 21261.8
6736.41 21234.8
6791.67 21140.3
6838.25 21018.3
6881.06 21195
6916.66 20746
6961.26 20906.9
7006.87 21176.9
7040.01 21161.4
7078.58 20916.9
7124.81 20686
7163.51 21100.8
7199.24 20989
7242.22 20980.1
7280.71 21030.4
7326.7 20992.1
7371.15 21007.2
7425.98 21101
7474.56 20965.9
7522.23 20950.8
7571.96 20878.6
7625 21429.5
7686.4 21178.1
7737.76 20969.4
7784.1 20972.8
7843.25 21256.5
7881.17 20933.2
7929.62 21109.7
7985.75 21267.1
8037.75 20971.2
8104.97 20886.1
8171.79 20865.8
8238.6 21036
8305.52 20982.5
8340.43 21120.6
8375.17 20831.5
8419.1 21261
8466.35 21171.5
8510.97 21089.7
8571.25 21154.2
8629.31 21337.6
8691.37 20832.3
8739.54 21192.6
8797.15 21158.5
8859.89 20902
8916.29 20981.9
8963.3 21246.9
8997.64 21156.7
9042.17 21177.7
9093.61 20986.5
9146.43 20868.1
9180.9 21143.1
9215.41 21089.2
9249.88 20836.2
9284.32 20849.4
9318.8 20867.8
9353.21 21060.6
9387.72 20984.1
9422.27 20993.5
9459.51 21069.8
9494.07 21330.4
9528.62 20904.6
9563.09 20967.1
9597.63 21309.7
9632.2 20833.8
9678.64 21097.6
9745.44 21090.4
9813.51 21117.8
9874.8 21092.3
9954.41 20828.9
10013.7 20966.3
10070 20928.5
10119.2 21197.6
10168.3 20828.9
10207.8 20923.2
10251.7 20867.5
10283.1 21007.7
10336.9 20764.8
10377.2 21131.6
10408.5 20931.5
10440.6 20826.9
10483.5 21015
10523 21188.2
10565.2 21019.5
10594.8 21089.5
10624.4 20969
10653.4 21043.3
10690.2 21099.3
10730 21157.8
10759.6 20981.2
10789.2 21052.3
10828.9 20962.5
10871.2 20977.6
10923.4 21219.4
10989.2 21067.4
11057 21195.1
11126.9 20974.7
11184.7 20825.2
11242.2 21110
11302 20988
11367.8 21127.2
11425.1 21154.7
11473.6 20960.4
11522.8 20946.8
11572.1 20961.1
11622 21134.1
11671.3 20994.7
11721.3 21090.6
11775.4 21096.8
11839.7 20887.6
11890.2 20922
11946.2 20788.5
11998.5 20936
12049.2 21216.6
12109.4 20991.7
12164.8 20938.2
12215.1 21207.7
12265.7 20874.5
12307.8 21172.3
12349.4 20970.3
12407.3 21173.4
12463.6 20996.8
12526.7 21132.5
12562 21306.8
12598 21050.2
12633.1 20604.3
12668.2 20952.3
12700.9 21098.8
12732.8 20961.9
12786.2 20788.2
12843 21050.7
12901.3 20842
12959.1 20852.4
13017.2 21046.5
13075.2 20974.8
13133.6 20802.3
13197.1 20987.6
13255.2 21037.1
13317 21129.8
13383.2 20716.5
13430.1 21356.6
13497 21211.7
13564.2 20976.2
13629.1 20686.9
13687.3 20929.5
13751.1 20751.8
13811.3 20797
13845.5 20795.4
13881.3 21168.1
13931.5 20852.8
13971.7 20726.4
14010.4 21030.2
14043 20957.8
14072.5 20873.7
14122.9 20977.5
14158 20786.6
14205.3 20530.6
14237 20899.4
14297.2 21355.7
14353.6 21078.5
14410.8 21036.2
14463.6 20746.4
14519.7 20950
14592.3 21070
14646.8 20843
14720.1 20822.5
14767.8 20895.2
14825.4 20903.2
14888.3 21082.8
14957 20885.5
15044.2 20756.1
15104.6 20862.2
15176.7 20952.4
15223.3 20895.8
15286.7 20941
15358.2 20874.3
15417.8 21016.5
15467.6 21104.1
15510.3 20839.5
15565.6 20662.9
15612.9 21126.7
15651.7 20901.3
15694.7 20920.2
15738.7 20860.3
15784.7 21009.5
15820.2 20579.4
15862.9 21058.6
15912.2 20699.2
15961.8 20618.3
16000.8 20956.8
16068.5 20527
16129.1 20813.5
16182.5 20974.3
16225.5 21159.6
16259.7 21265.4
16289.1 20890.8
16320.2 21105.7
16349.7 20468.2
16379.2 20913.1
16408.6 21100.7
16438.1 20929.3
16467.5 20820.9
16503.3 20985.8
16532.8 21002.1
16562.2 21086.4
16614.2 20705.6
16667.4 20863.9
16723.2 20899.1
16783.1 21297.8
16837 21011.8
16894.4 20644.7
16946.9 20859.9
17006.3 20874
17071.6 20740.6
17120.8 20843
17164.2 21038.4
17205.8 20933.4
17266 20964.7
17323 21022.8
17379 20878.6
17437.9 20815.8
17470.8 20825
17523 21210.1
17578.5 20721.7
17642.4 20652
17696.5 21031.7
17751.1 20828.6
17798.5 20924.1
17857.9 20994.4
17904.9 20988
17939.2 20671.5
17980 21114.3
18024.2 20898.3
18075.2 20693.1
18111.5 21032
18174.4 21150.2
18225.8 20829.7
18288.8 21076.7
18359 20989.7
18414.7 20692.3
18481.1 20621.7
18541.4 20935.7
18602.2 20960.5
18669.5 20864.3
18753.5 20864.2
18827.5 20988.3
18904.2 20701
18986.1 20639.9
19075.1 21011.1
19131.4 20769
19183 20683
19235.8 20916.1
19288.2 21060.8
19331 20789.8
19372.3 20776.2
19413.8 20742.7
19454.7 20909.8
19496.7 21020.1
19536.8 20600.7
19581.5 21128.1
19632.8 20771.4
19692.4 20816
19742.3 20873.3
19793.6 20875
19864.4 20916.8
19932.6 20834.5
20003.6 20466.4
20075 21107.1
20126.9 20845
20191.5 20763.5
20266.4 20471.8
20340.6 20525.3
20415.5 20691.7
20476.1 20886.2
20534.3 20849.4
20586.6 20880.2
20639.5 20717
20704.8 20915.9
20778.9 20809.2
20851.7 20798.3
20905.1 20706
20955.3 20499.5
21011.5 20755.6
21065.1 20640.7
21134 20845.3
21197.7 20850.2
21253.9 20879.8
21316 21166.3
21356.6 21020.4
21429.8 20800.3
21502 21062.1
21564.4 21010.4
21619.2 21025.6
21680.3 20721.1
21747.8 20817.6
21816.8 20858.4
21892.3 21144.5
21974 20545.1
22051.9 20703
22114.8 21118.6
22171.1 20937.2
22217 20894.5
22260.9 21042.2
22306.6 20838.6
22360.3 20860
22422.3 20838.8
22483.1 20518.4
22548.1 20950.6
22620.7 20672.8
22683.1 21298
22745.4 20761
22805.1 20970
22863.5 20741.9
22920.9 20846.9
23001.3 20488.1
23077.7 20925.4
23132.7 20834.2
23195.7 20854.6
23228.1 20426.3
23276.4 21054.7
23310.4 20769
23356.9 20950.3
23400 20835
23455.4 20980.5
23519.7 20834.6
23569.2 20809.2
23609.4 21028.3
23649.6 20978.5
23709 20946.8
23750.2 20755.2
23810.6 20757.9
23868.9 20977.8
23927.5 20765
23978.3 20865.8
24020.9 20803.5
24063.6 20560
24123.9 20958.7
24166.3 20878.4
24208.1 20763.1
24266.4 20804.9
24326.9 21166.2
24392.1 21133.8
24448.8 20850.3
24514.2 20840.6
24575.6 20686.9
24637.1 20561.2
24698 20540.4
24759.8 20885.5
24821.3 20762.9
24883.7 20683.5
24940.7 21158.5
25001.3 21134.1
25058.7 20846.1
25117 20894.3
25174 20713
25234 21004.1
25313.9 20959.5
25386.2 20864.4
25455.5 20744.6
25505.8 20880.3
25551.2 21093.6
25592.5 20847.8
25647.2 20909.7
25717 21018.1
25770.9 21014.5
25831.4 20881.6
25896.7 20789.6
25960.7 20954.5
26040.2 20544
26124.7 20679.6
26208.7 20633.7
26292.9 20994.1
26377.5 21113.7
26461.6 20647.6
26545.9 20667
26630 20467.6
26721.3 20796.2
26798.6 21075.8
26876.3 21154.2
26929 20714.6
26997.5 20919.7
27050.7 20880.5
27108.3 20758.5
27172.1 21179.7
27221.4 20727.2
27290.1 20881.9
27366.2 21192.2
27416.5 21026.1
27475.6 20751.8
27533.6 20855.9
27589.5 20832.9
27655 21118.4
27721.5 21039.3
27787.7 20837.1
27853.2 20760.8
27921.7 20980.5
27988.1 20822
28052 20744.8
28117.8 20965.4
28181.3 20754.6
28243.4 20872.5
28303 20909.1
28356.3 20934.2
28408.5 20718.3
28461.5 20853.7
28544.2 20942.9
28630.7 20990.2
28681.5 20784.8
28733.8 20987
28785.1 21021.8
28835.6 20847.1
28886.3 20791.2
28936.2 20912.3
28986 20778.1
29034.8 20915.3
29083.9 20598.2
29132.9 20853.2
29180.3 20713.1
29230.5 21027.7
29295.7 20759.4
29349.1 21057.1
29401.2 20894.6
29455.4 20821.3
29508 20656.4
29581.1 21252.1
29663.5 20773.8
29746.8 20530.4
29821.3 20766.8
29880.4 20991
29942.6 20982.5
30003.5 20812.7
30064 20474.3
30127.4 20928.5
30187.8 20654.1
30254.4 20969.5
30320.6 20922.4
30387.5 20774.9
30443.5 21014.8
30498.4 20947.4
30554.5 20896.3
30611.1 20961.6
30667.4 21028.5
30723 20722.4
30774.3 20855
30824.5 20962.1
30876.2 20871.6
30928.3 20816.1
30976.5 21028.3
31018.7 20607.6
31061.1 20835.2
31104.2 20808.9
31146.7 20732.1
31189.8 20854.3
31236.4 20744.5
31293.3 20808.6
31358 20853.6
31421.8 20430.5
31483.6 20729.4
31558.2 20894.7
31636.6 20619.9
31693.8 20979.5
31755.6 20838.6
31810.5 20704.2
31872.3 21153.3
31929.9 20872.2
31999.3 20719.6
32070.7 21137.2
32138.4 20797.3
32212.1 20973.8
32280.5 20565
32355.6 21040.9
32431.3 20799.9
32505.2 21023.9
32577.9 21324.5
32654.6 20647.5
32730.9 20787.8
32807.9 20750.1
32883.9 20813.9
32961.1 20658.2
33035.9 21188.1
33113.4 20647.9
33189.3 20777.8
33265.8 20658.1
33341.7 20857.8
33417.1 20840
33491.5 20655.1
33567.3 20934.1
33641.9 20709
33717.8 20828.9
33793.3 20963.8
33867.1 20937
33941.5 21055.1
34016.7 20657.2
34091.8 20757.6
34166.9 20919
34242.1 20945.4
34315.4 20931
34384.2 20914
34452.9 20733.4
34520.3 20847.2
34588 21034.1
34659.4 20787.9
34728.9 20966.3
34795.7 20804.2
34861 20703.5
34933.5 20966.5
35004.1 20806.4
35073.4 21055.6
35139.6 21053.5
35213.5 20834.3
35284.4 21106.9
35355.9 21349
35428.7 20590.4
35495.8 20796.5
35552.4 20903.5
35633.2 20686.5
35714.2 20858.6
35795.5 21107.8
35859.2 20642
35910.7 20738.8
35979.8 20730.2
36076.6 20870
36163.6 20915
36250.9 21117
36321 20754.5
36390 20734.6
36461 20716.3
36520.8 20831.3
36587.6 20956.3
36666.5 21143.7
36730.9 20891.8
36794.8 20750.6
36873.7 20823.1
36942.2 21060.8
37000.8 20780.4
37076.2 20660.4
37148.1 20676.1
37211.4 20888.6
37295.8 20857.9
37389.7 20882.3
37484.5 20794.9
37574.5 20948.7
37658.5 20982.3
37733.7 21026.5
37810.3 20604.2
37904.7 20683.4
37999.5 20637.1
38091.2 20926.1
38181.7 20753.8
38272.9 20871.2
38363.2 20588.7
38437 20654.9
38510.7 20974.8
38584.9 20869.4
38656.6 20923.8
38729.9 20778.4
38801.6 20827.6
38872.4 20726.6
38944.3 20945.7
39016.7 20918.9
39087.6 20648.3
39157.9 20854.7
39230.8 21077.9
39298.9 21075.3
39367.5 20971.4
39435.2 21097.1
39506.4 20493
39577.5 20647.7
39653.7 20836.7
39729.3 21088
39803.9 21173.4
39885.4 20811.7
39973.8 20828
40059.9 20713.2
40141.7 20884.2
40218.8 20795.7
40292.4 20760.8
40373.1 20756.5
40454.8 20789
40535.9 20799.7
40614.9 20998.8
40695.4 21004
40776.6 20809
40857.8 21052.4
40939.1 20787.3
41015.3 20773.6
41092.9 20620.8
41174.2 20931.9
41231.6 21153.4
41290.4 20862.4
41342.4 20754.5
41408.5 20803.7
41466.2 20927.6
41526.5 20878.9
41587.4 20817.2
41654.3 21085.1
41724.4 20821.9
41794.2 20643.8
41868.3 20726.8
41936.3 20749.3
41999 20660.8
42062.3 20884
42126.8 21103.9
42190.1 20932.5
42253.6 20986.6
42317.4 20932
42384.7 20822.8
42456.1 20652
42528.7 20826.4
42597.3 20876.3
42669.3 20668.8
42739.4 20920.1
42801 20955.1
42859.8 20622.7
42937 20450.3
43013.9 21272.6
43094.8 20772.2
43182.2 21049.7
43260 20936.1
43336.3 20837.3
43414.7 20854.3
43490.5 21055.1
43569.3 21084.1
43647.6 20533.2
43723.9 20790.5
43808.1 20727.5
43895.1 21032.9
43974.8 20503.4
44051.2 20715.1
44128.1 20553.8
44207 20962.7
44285.2 20856.2
44362.9 20291.4
44415.3 20823.6
44476.3 20767.6
44535.2 21225.6
44622.3 20823.1
44670.9 21180.1
44730.3 20736.1
44808.2 20603.6
44883.4 20956.4
44960.5 20872.6
45038.7 20883.4
45115.2 20559
45192.2 20837.9
45272.9 20897.8
45352.7 20832.1
45431.2 20737.5
45504.9 20704.4
45577.2 21123.7
45649.3 20729.6
45721.8 20818.7
45792.2 21066.7
45863.8 20966.8
45939 20753.1
46018 20894
46094.2 20879.8
46177.6 20951.1
46255.3 20944
46333.1 20496.3
46418.3 20903.5
46492.8 20639.5
46580.3 20942
46656.9 20885
46723.3 20901.2
46800.3 20998.2
46869.4 20722.8
46941.4 20707.2
47014.7 20723
47066.3 20583.2
47122.3 20761.5
47184.1 20952
47245.8 20864.2
47304.8 20943.3
47381.6 20784.7
47452.2 20965.4
47516.9 20794.4
47596.9 21459.3
47660.3 20490.7
47720.2 21440.7
47778.6 20837.7
47837.5 20392.7
47896.5 20835.4
47956.2 20616.6
48018.6 20897.9
48082.7 21061.7
48158 20484.6
48226.1 20927.5
48285.4 20676.3
48351.9 20878.9
48408.2 20775
48461.8 20861.9
48522.9 20885
48594.5 21073.3
48674.3 20926.3
48730.9 20682
48783.9 20949.2
48838.7 21030.4
48892.9 20509.9
48946.8 20805.8
49000.2 21055.6
49055.4 20974.3
49108 20803.2
49163.1 20753.6
49215.8 20446.3
49270.8 20873.8
49323.9 20789.9
49377.6 20829.1
49436.4 20773
49496.5 20942.7
49556.3 21136.2
49615 21250.4
49675.7 21051.3
49735 20612.7
49794 20954.1
49855 20924.1
49914 20732.7
49974.4 20606.3
50034.3 20859.9
50093.3 20502.2
50154.2 20953
50212.7 20946.2
50273.4 20647.7
50332.8 20851.2
50392.5 20437.1
50453.4 20875.7
50514.5 20873
50575.9 21150.8
50635 20776.3
50694.7 20899.7
50755.2 20699
50814.1 20992.2
50874.7 20767.8
50933.9 20757.3
50994.5 21041.7
51053.8 20977.3
51113.1 20625.6
51174.2 20753
51233.3 21276.7
51293.8 20925.8
51353.6 20924.5
51413.5 20901
51473.5 20381.6
51532.5 20712.5
51593.5 20742.8
51654.5 20592.4
51715.7 20800
51775 20847.1
51837.8 20667.4
51917.3 20791.8
51985.6 21116.7
52068.1 20919.8
52136.7 20951
52220.3 21110.3
52298.6 21065.6
52373.5 20475.3
52457.7 20723.6
52529 20927.1
52604.9 20928.5
52682.6 20799.2
52748.3 20572.7
52828.5 20969
52905.2 21002.8
52988 20958.6
53057.2 20990
53122.3 20583.5
53186.6 20300.6
53251.2 20882.2
53314.1 20851.8
53377 20572.2
53441.6 20692.4
53504.5 20353.3
53570.3 21020.1
53632.7 20742.6
53696.3 20770.9
53760.2 21050.6
53823.2 20965.5
53886.9 20951.1
53948.3 20963.5
54011 21127.5
54072.7 20808.8
54136 20850
54197.3 20682.4
54261.5 20930.7
54321.4 20511.9
54384.8 20656.9
54447.6 20812.3
54509.1 20905.9
54571.7 20773.6
54633.2 20506.1
54695.9 20901.8
54756.7 20741.6
54820.1 20785.4
54883.5 20987.7
54950.2 20811.8
55012.5 20885.2
55077.9 21044.7
55140.1 20759.7
55194.4 20928
55248.1 20563
55302.9 20912.4
55356.8 20934.2
55410.6 20890.3
55464.8 20928.4
55519.3 20831.3
55573.7 20899.7
55627.2 20774.6
55682 20650.5
55736.5 21113.4
55790.6 20844.6
55844.7 20939.6
55898.9 20857.4
55952.3 20695.1
56006.2 21041.3
56059.9 20763.1
56114.8 20791.6
56168.2 20854.4
56222.3 20686
56277.4 20397.3
56330.5 20315.8
56384.8 21017.4
56439.5 21143.4
56493.2 20948.4
56547.6 20833.6
56602.3 21110.5
56656.4 21203.2
56710.8 20629.9
56764.5 20639.4
56819.1 21071.1
56872.7 20949
56927.3 21095.7
56981.8 21008.1
57034.8 20863.6
57088.9 20803.1
57143.5 21011.6
57197.1 20541.1
57251.2 20769.7
57306.1 20963.8
57360.2 21043.7
57414.7 20788.4
57468.3 20720.7
57523.3 20798.9
57577.3 20777.4
57631.9 20760.7
57686.1 20668.6
57745.2 20990.3
57824.1 20713
57889.5 20845.6
57938.1 20799.2
57999.6 20931
58061.9 20867.6
58110 21008.9
58167.5 20696
58219.1 20854.4
58260.5 20797.1
58312.9 20825.5
58364.2 20835.9
58403.4 20820
58451.5 20833
58502.4 20968.1
58546.4 21058.4
58591.6 20878
58647 20587.5
58691.7 20840.6
58736 20889.8
58788.8 20865.5
58838.8 21060.5
58880.1 20998
58930.9 20866.6
58982.4 21137.7
59031.9 20863.1
59082.3 20550.4
59126.9 20627.8
59170.2 20592
59215.1 20614.6
59252.9 20717.9
59298.2 20737.2
59377.2 20748
59450 20706.6
59535.9 21154
59606.5 21320.1
59691.2 21074.3
59775.8 20605.4
59845.4 21098.1
59929.5 21001.8
60011.5 20550.3
60082.1 20602.5
60166.5 20658.4
60248.6 20336.2
60321.1 21175.7
60405.5 20976.3
60486.5 20887
60560 20502
60644.7 20550
60725.7 20870.4
60801.9 20670.3
60887.8 20810.4
60968.5 20832.4
61044.7 20703.6
61129.7 20838.7
61213.4 20968.5
61294.4 20773.6
61376.9 20884.5
61451.1 20861.7
61530.4 20655.9
61606.8 20744.7
61676 20805.1
61746.2 20899.1
61825.5 20814.1
61903.9 20478.8
61979.7 20711.1
62057.1 20652.4
62128.6 20643.8
62194.7 20794.3
62270.7 20832.2
62346.7 20649.1
62429.1 20984
62507.8 21086.8
62588.9 20945.2
62670.1 20738.7
62743.6 20607.2
62816.9 20638.7
62889.8 20669.6
62964.7 20752.9
63038.9 21161
63122.5 20633.9
63196.4 21266
63268 20815.3
63336.1 20929.9
63407.3 20822
63475.5 20302.7
63546.7 20856
63614.7 20573
63686.2 20769.3
63754.4 20900.9
63827.5 21335.8
63906 20629
64003.1 20873.9
64091 20835.1
64185.3 20800.4
64276.2 20741.8
64365.3 20838.3
64461.2 20693.8
64548.3 20642
64645.8 20596.7
64733.3 20698.7
64829.9 20476.5
64924.4 21011.2
65012 20613.2
65109.5 20646.9
65196.6 20720.5
65290.5 20757.4
65368.1 20974.8
65446.2 20776
65530.6 21150.5
65611.3 20743.7
65692 20941.7
65776.3 20645.2
65861.7 20741.5
65937.8 20640.7
65982.4 20925.5
66029 20942.3
66076.4 20883.7
66123.1 20661
66168.7 20608.4
66215.3 20906.9
66279.6 20750
66356.9 20964.7
66437.1 20720.3
66495.2 20701.2
66569.4 21013
66624.9 20859.1
66669.7 20901.5
66727.6 20730.6
66786.2 20669.2
66863.8 20612.7
66920.5 20843.6
67002.7 20942.6
67070.9 21018
67149 20713.6
67223.6 20690.7
67299.4 20562.5
67370.9 20815.6
67436.1 20625.7
67503.4 21091.4
67568.8 20694.9
67631.7 20578.6
67699 20980.9
67763.5 20507.8
67831.1 21107.8
67898.6 20796
67970.3 20594.2
68050.2 20639.8
68123.8 20944.6
68208.3 20797.2
68281.1 20882.3
68366.8 20790.3
68445.3 20737.8
68529.7 20891.9
68609.3 20854.1
68691.1 20777.3
68774.4 21237.5
68854.5 20765
68938.5 20855.9
69011.8 20930
69095.3 20997
69173.1 20696
69257.3 20655.3
69335.7 20622
69394.9 20617.3
69467.7 20510.9
69540.5 20969.7
69598.1 20625.3
69640 20483.5
69682.4 20889
69743.1 20806.8
69806.1 20642.1
69877.4 20765
69956.5 20797.7
70046.5 20746.4
70152 20789.9
70257.2 20860.6
70363 20794.5
70466 20868.4
70570.8 20794.7
70660.1 20651
70737.5 20985.6
70825.7 20841.6
70910.4 20464.2
70993 20934.1
71081.6 20703
71168 20768.1
71257.8 20954.9
71346 20852.2
71434.1 20369.4
71517.4 20574
71604.5 20869.3
71691.5 20662.3
71775.5 20705.5
71861.2 21050.2
71947.8 20868.9
72037 20843.7
72123.9 20802.1
72209 20844.2
72296.6 20931.7
72384.6 21023.1
72472.7 20857
72555.4 20745.8
72641.4 20863
72730 20679.9
72816.6 20857.8
72906.7 20965.9
72983.3 20988.1
73070.9 20668.8
73156.9 20792.6
73244.2 20863.8
73330.8 20626.6
73414.3 20834.5
73499.6 20484.9
73588.7 20921.5
73677.1 20653.1
73755.9 21084
73845.1 20716.5
73925 20348
74014.1 20612.7
74093.6 20373.7
74176.6 20824.2
74256.6 20939.9
74343.5 20848.4
74432.2 20774.5
74518.9 20896.5
74601.4 20464.6
74688.9 20885.1
74770.8 20517
74859.9 21099.7
74942.2 21077.1
75025.3 20789.1
75117.3 21023.9
75194.9 20757.1
75259.1 21020.1
75320.9 20861.3
75380.6 20631.8
75484.1 20953.5
75602.4 21009
75720.4 21007.2
75837.4 21011.6
75930.6 20965.7
76049.4 20658.1
76109.2 20745.3
76165.8 20973.3
76222.5 20803
76280.2 20870
76337 20923.3
76393.9 20823.1
76450.7 20848.1
76507.3 20838.2
76563.9 20504.5
76622.7 20831.6
76682.3 21179.6
76739.7 20817.9
76796.4 20938.2
76852.5 20960.4
76910.2 20887.2
76967 20629.8
77023.8 20743.7
77080.5 20599.8
77137.1 21126.7
77191.4 20945.8
77247.2 20918.7
77302.8 20872.8
77356.9 20918.2
77413.4 20738.4
77468.4 20645.8
77524.1 20472.2
77580 20266.7
77634.2 20655.2
77689.1 20772.8
77746.1 20748.9
77802 20590.8
77857.6 20693.3
77911.8 20687.2
77966.3 20869.3
78023.6 21016
78077.9 20740
78134.4 20927.4
78189.2 20697.1
78246.4 20508.2
78303.6 20714.6
78360.6 20820.5
78406.2 20528.3
78461.4 20661.3
78519 21027.3
78578.5 21306.4
78625.8 20906.6
78685.1 20904.7
78744.5 20835.3
78803.3 20750.7
78850.8 20648.1
78910.4 20690.3
78969.9 20578.9
79028.6 20911.6
79085.7 20812.6
79142.1 20628.9
79198.9 21188.5
79245.5 20828.1
79304.8 20765.7
79364.1 21100.1
79422.2 20727.6
79483.9 20948.1
79559.4 20819.5
79618.6 20989.4
79696.2 20731.2
79751.9 20625.4
79829.2 20534.1
79884.4 20636.1
79961.1 20905.8
80016.4 20834.5
80092.7 20925.1
80151.6 20724.9
80227.8 20600.9
80273.5 20990.7
80306.2 20764.5
80387.2 20935.9
