time objective
2.8731 465.575
5.17484 405.207
7.45145 343.078
9.79505 322.042
12.1437 236.485
14.5066 266.679
16.9429 214.142
19.3243 211.744
21.7108 222.183
24.0913 226.879
26.4939 231.982
28.869 217.013
31.2477 226.878
33.6738 206.366
36.0472 188.775
38.4141 191.699
40.7887 189.104
43.1556 189.337
45.5412 177.805
48.2165 186.654
50.5991 155.369
53.0087 168.449
55.6311 202.699
58.2805 152.696
60.8189 140.1
63.1833 158.011
65.7562 136.912
68.1318 136.871
70.5026 125.117
73.0718 144.332
75.6398 124.552
78.1863 143.722
80.7466 113.738
83.2771 142.198
85.8055 122.494
88.3229 146.565
90.8506 144.178
93.6487 177.206
96.4347 129.776
99.03 121.887
101.623 110.876
104.223 146.258
106.843 116.228
109.439 124.997
112.024 114.225
114.657 137.205
117.274 111.936
119.726 116.909
122.083 110.846
124.447 129.838
126.801 136.151
129.151 126.496
131.501 112.72
133.839 115.51
136.186 99.0297
138.539 147.256
140.88 124.042
143.237 161.22
145.6 134.23
147.977 117.845
150.314 131.427
152.657 110.916
155.007 104.582
157.547 146.365
159.868 106.687
162.191 112.522
164.522 115.838
167.502 122.306
170.493 108.387
173.503 127.094
176.548 108.52
179.5 128.883
182.432 113.546
185.366 122.399
187.998 119.163
190.709 140.012
193.461 120.279
196.209 118.035
199.282 141.306
202.219 116.808
204.963 116.908
207.699 144.654
210.444 131.479
213.191 129.735
215.938 112.483
218.675 91.4854
221.406 117.633
224.149 112.044
226.688 137.469
229.192 123.405
231.877 116.748
234.594 102.405
237.291 124.972
239.982 126.381
242.539 139.29
245.099 137.184
247.661 108.849
250.217 134.92
252.794 106.412
255.379 125.415
258.128 123.124
260.602 93.4053
263.008 114.187
265.744 123.483
268.405 108.771
271.131 132.838
273.528 111.354
276.014 120.658
278.498 147.226
280.984 84.7083
283.546 127.526
286.033 106.544
288.965 95.6076
291.676 137.152
294.378 125.208
297.078 133.386
299.783 130.221
302.402 109.635
305.032 114.405
307.655 126.071
310.321 155.204
312.967 119.249
315.661 149.034
318.345 118.465
321.029 116.485
323.68 118.523
326.324 122.511
heldout 133.893,
