time objective
2.2287 35794.3
4.00424 32273
5.71698 29726.8
7.54981 32445.6
9.38545 29919.6
11.2513 31704.4
13.1275 32881.1
15.0485 32323.2
17.0019 31513.3
18.9391 31804.2
20.8987 29203.3
22.8771 31070.7
24.8531 31015.6
26.8605 30157.2
28.8873 27987.9
30.952 28905.6
33.0018 28891
35.08 28162.1
37.1584 25962.5
39.2687 27008.9
41.3783 29144.8
43.4942 25777.2
45.6308 26160.9
47.8869 24533.6
50.1836 26077.6
52.4497 22955.9
54.6816 24333
56.8033 23553.5
59.1019 24029.4
61.3108 23690.2
63.4877 22522.7
65.6512 21302
67.8196 22154.9
69.9859 21572.9
72.1556 21792.4
74.3454 23894.9
76.5381 21703.3
79.3826 22554.3
82.1881 21379.9
85.7682 20840.2
88.8772 21915
91.6923 21433.6
94.1872 20779.4
96.8638 19804.9
99.9232 20249.3
102.778 20208.1
105.37 20978.4
108.067 21486.5
110.644 19985.2
113.139 20963
115.609 20576.7
118.245 21753.1
120.573 20466.6
123.384 20249.1
125.744 21895.2
128.479 21277.7
131.12 19353.3
134.06 20747.2
136.318 21772.2
138.858 20383.9
141.75 19355.7
144.811 21275.5
147.236 21273.1
149.68 20243.6
151.846 20426.3
154.018 20463.8
156.174 20122.4
158.341 20308.4
160.494 20420.6
162.657 20899.6
164.817 21054.2
166.98 19874.7
169.145 20937
171.303 19207.6
173.467 19317.9
175.634 20259.7
177.802 20217
179.968 19590.1
182.135 21532.3
184.309 20078.6
186.475 19743.2
188.645 19166.1
190.822 21198.5
192.99 20262.5
195.164 22027.2
197.333 20375.4
199.508 20850.1
201.685 19485.4
203.861 20873.9
206.032 21938.9
208.202 20663
210.418 22655.2
212.593 20323.6
214.771 21961.1
217.108 21393.1
219.319 20682.9
221.53 21028.6
223.743 22526.5
225.961 20583.5
228.175 19685.7
230.385 21288.6
232.597 21488.4
234.81 20112.8
237.023 21448.5
239.239 21208.3
241.465 21937.1
243.674 20974.2
245.906 20053.2
248.128 19715.5
250.34 21897.2
252.559 22055.2
254.792 20621.8
257.028 21075.2
259.27 20832.6
261.485 20344.6
263.7 19827.2
265.947 21646.4
268.162 20359.3
270.369 22622.5
272.58 20073
274.793 20515.8
277.049 20177.2
279.256 21074.7
281.521 20388.3
283.784 20252.2
286.035 22240.2
288.226 21374.7
290.434 21686.2
292.638 19639.7
294.835 20085.5
297.039 21201.9
299.238 21413.1
301.438 19996.5
303.642 21067
305.838 20643.5
308.036 20639.1
310.24 21491.5
312.44 22218.3
314.637 21037.8
316.835 21354.2
319.024 22326
321.221 21049.9
323.42 20594.3
325.616 20283.1
327.808 21836.1
330.008 21012.5
332.212 21012.3
334.41 20105.2
336.607 22774.6
338.805 21937.9
341.003 20552.1
343.221 20937.8
345.63 21296.4
347.985 20231.5
350.342 20158.8
352.677 20955.4
355.086 20806.8
357.44 21279.7
359.867 20824.5
362.21 22128
364.598 22080.8
366.952 20431.2
369.316 21488.2
371.691 18354.8
374.055 20028.3
376.415 20022.9
378.764 21439.7
381.126 20079.3
383.5 19992.3
385.859 21754.7
388.223 19823.1
390.585 21354.5
392.962 21930.7
395.396 22403.1
397.827 20726.9
400.263 21085.2
402.697 21959.6
405.129 22578.8
407.592 22736.3
410.029 19302.8
412.456 19681.3
414.895 20600.1
417.333 20435.4
419.767 20343.3
422.216 20764.7
424.648 19987
427.103 20403.7
429.581 20499.8
432.039 21206.8
434.381 19821
436.728 23255.3
439.081 19004.2
441.432 20804.5
443.787 21687.3
446.133 19581.1
448.513 19942.1
450.859 21791.9
453.189 20495.7
455.49 22150.2
457.79 21947
460.085 19159.8
462.434 21428.4
464.786 21570.4
467.126 20741.7
469.47 20940.6
471.816 20711.8
474.179 20166.8
476.613 20947.2
479.043 22315.7
481.478 20978.6
483.853 23032.9
486.207 21007.3
488.555 21056.8
490.9 20797.4
493.25 22737.9
495.594 20689.1
497.945 19865.6
500.395 21944
502.618 20507.5
504.872 22410.9
507.076 21800.9
509.314 20846.2
511.53 20475.6
513.756 20781.1
515.974 20676
518.19 21616.9
520.413 21992.4
522.63 21822.9
524.846 20714.1
527.063 20570.6
529.276 19597.9
531.49 20983.6
533.703 22244.5
535.92 21130.2
538.142 21036.1
540.628 22420.7
543.121 20802.5
545.559 20019.2
548.029 20501.7
550.47 21063.2
552.915 22236
555.35 22342.7
557.786 19313.9
560.222 20800.3
562.645 20711.3
565.081 19900.5
567.507 19691.2
569.942 22138.6
572.366 22432.4
574.822 20051.1
577.257 22113.5
579.69 22218.4
581.994 19711.2
584.295 22230.5
586.602 20195.1
588.911 18975.7
591.268 20155.7
593.614 21365.9
595.972 19717.1
598.331 21684.4
600.638 21924.5
602.952 20678.2
605.262 22006.9
607.576 23333.1
609.901 19263.1
612.234 22430.3
614.544 23345.1
616.923 21670.4
619.244 20936.1
621.551 20548.6
623.867 20386.2
626.179 19910.7
628.492 22094.7
630.792 21188.6
633.098 21867.1
635.403 20847.4
637.74 21452.3
640.041 20884
642.352 20300.5
644.793 21537
647.234 20747.5
649.667 19792.1
652.103 20928.4
654.526 18685.8
656.959 23955.6
659.388 19749.9
661.814 21330.5
664.282 21487.7
666.726 22134.7
669.162 19924.6
671.59 20393.1
674.024 20155.1
676.484 20724.8
678.913 21740.1
681.342 21668.2
683.815 21465.3
686.26 19978.9
688.66 21223.9
691.038 21271.7
693.431 19365.6
695.806 21455.7
698.208 21560.3
700.585 20565.2
702.955 20629.9
705.348 19145.1
707.73 21340.5
710.112 20969.5
712.507 21661.3
714.894 20818.3
717.273 21321.1
719.667 19094.6
722.1 19829.4
724.548 18701.1
726.977 21654.9
729.4 19614.9
731.825 19800.6
734.135 20800.1
736.499 22342
738.866 21145.5
741.282 19577
743.648 21557.4
746.004 20117.6
748.365 20281.9
750.725 21332.5
753.1 20438.3
755.462 20586.9
757.823 20865.2
760.248 20891.6
762.616 20741.3
764.982 19526.6
767.353 20317.3
769.718 19740.6
772.084 19753.4
774.45 21535.2
776.816 21579.5
779.18 20636.6
781.539 19686.2
783.996 20055.8
786.484 21849.7
788.924 20250.7
791.376 20770.9
793.854 20963.4
796.334 21129.3
798.765 22636.1
801.2 21364.1
803.635 20358
806.07 20455.1
808.502 21516.1
810.943 19267.9
813.364 19695
815.792 19138.8
818.224 19459.3
820.657 20813.5
823.084 19703.7
825.529 20458.7
827.965 19887.6
830.173 20494
832.38 22076.2
834.586 21917.2
837.187 20503
839.763 20560.8
842.333 20068
844.928 20106.3
847.466 20384.7
849.747 19712.1
851.992 20413.6
854.216 20599.6
856.442 20776.8
858.661 19538
860.894 18663.4
863.111 21534.4
865.331 20479.2
867.552 20236.8
869.927 19987
872.3 20523
874.664 20176.5
876.997 20184.4
879.351 21612.7
881.678 19775.5
884.013 20706.2
886.386 20101.4
888.76 20440.2
891.131 19752.6
893.495 21850.9
895.915 21574.9
898.295 20685.1
900.673 20272.3
903.045 20242.7
905.418 19738.8
907.793 22183
910.158 19063.7
912.534 21943.4
914.915 20950.2
917.284 20767.9
919.659 22665.4
922.03 20810.9
924.408 20556.5
926.782 20145.3
929.164 21216.9
931.546 21119.9
933.919 20247.6
936.173 20853.3
938.479 21706.5
940.86 20640.1
943.329 21130.4
945.845 20056.8
948.317 18896.8
950.784 20535.4
953.261 20483.9
955.732 20915.9
958.209 19258
960.682 21557.7
963.16 20563
965.642 21985.7
968.167 20990.9
970.648 20855.5
973.118 20759.6
975.601 21288
978.082 19896.4
980.564 20052.7
983.042 19387.8
985.517 20137
987.993 21098.5
990.461 21708.6
992.935 20664.9
995.411 20073.7
997.888 20515.9
1000.38 19518.8
1002.87 19688.2
1005.36 21068.1
1007.83 22405.7
1010.3 19888.8
1012.52 17609.4
1014.74 20249.7
1017.1 18724.8
1019.45 21189.2
1021.78 21698.9
1024.11 22145.1
1026.45 19092.4
1028.79 21819.7
1031.14 20618.5
1033.49 21639.3
1035.83 20760.6
1038.17 19011.7
1040.52 20449.8
1042.86 21367.1
1045.21 22144
1047.54 21300
1049.89 21647.9
1052.22 19609.2
1054.57 20655.7
1056.9 20001.8
1059.22 21368
1061.63 21203
1063.97 19099.9
1066.31 19213.6
1068.66 21150.4
1070.99 21445.7
1073.33 20646.6
1075.67 21876.1
1078.01 19922.2
1080.46 20020
1082.91 18926.1
1085.33 19620.2
1087.74 19258.7
1090.17 23191.9
1092.58 20843.2
1095.02 21737.5
1097.43 20129.7
1099.84 20569.7
1102.26 20480.2
1104.67 20782.6
1107.09 20243.4
1109.51 21006
1111.93 21041.7
1114.4 21335.1
1116.81 21899.9
1119.22 21704.9
1121.65 21413.8
1124.05 19614.5
1126.48 20393.7
1128.89 22404.9
1131.3 21235.6
1133.69 20605.5
1136.1 21875.5
1138.56 22771.3
1140.98 22083.9
1143.4 20576.5
1145.82 20910.7
1148.29 19981.8
1150.69 21084.8
1153.09 18893
1155.48 20964.9
1157.89 19737.9
1160.29 20111.9
1162.71 22580.3
1165.11 21580.8
1167.46 21629.3
1169.81 19814.5
1172.27 21935.4
1174.75 22401.6
1177.22 21445.9
1179.68 20712
1182.05 18935.6
1184.4 20013
1186.74 20992.2
1189.1 21170.3
1191.46 20273
1193.81 20090.6
1196.16 21548.7
1198.51 21206.3
1200.97 20584.4
1203.43 19835.8
1205.89 19314.5
1208.37 20202.5
1210.73 20752.7
1213.08 19746.1
1215.44 21017.6
1217.81 20731.5
1220.21 20097.4
1222.62 19976.3
1225.07 18990.3
1227.5 20206.5
1229.92 20189
1232.33 23225
1234.75 21161.1
1237.16 19645.6
1239.58 20510.4
1242.02 19056.8
1244.44 21745.3
1246.86 21638.1
1249.28 20337.1
1251.7 20918.6
1254.12 20654.3
1256.55 19721.6
1258.84 20968.1
1261.11 19163.4
1263.38 20579.1
1265.65 21466.6
1267.94 19410.1
1270.22 20796.6
1272.51 21158.8
1274.78 20562.3
1277.05 19853.5
1279.35 23328.8
1281.62 21875.8
1283.88 22949.9
1286.18 22330.6
1288.45 21694.5
1290.7 21719.5
1292.94 20577.3
1295.19 20935
1297.44 20015.8
1299.68 20174.1
1302.36 21233.2
1305.06 20567.4
1307.6 22290.4
1310 21973.6
1312.24 20733.8
1314.47 20559.5
1316.71 20819.5
1318.94 19686.7
1321.18 21205
1323.41 20122.9
1325.64 20209.7
1327.88 22378
1330.34 20425.9
1332.7 20346.7
1335.07 21044.5
1337.44 21647.6
1339.8 20300.5
1342.17 20551.8
1344.51 19593
1346.87 20397.1
1349.24 19080.8
1351.61 19630.3
1354.1 19171.6
1356.57 18446
1359.06 21021.5
1361.55 22074.3
1363.96 20218.2
1366.36 20974.3
1368.77 20885.3
1371.24 21601.8
1373.7 21391.2
1376.17 22023.9
1378.66 19591
1381.12 20566
1383.63 20643.5
1386.13 21642.4
1388.59 20161.2
1391.1 22756.3
1393.57 20922.4
1396.05 21073.5
1398.52 22325.6
1401 21242
1403.48 21271.5
1405.98 22841.7
1408.45 22480.7
1410.89 20923.1
1413.34 19150.7
1415.79 21445
1418.23 21489.3
1420.67 21443.8
1423.14 20703.2
1425.61 20291.6
1428.06 21355.9
1430.5 20702.2
1432.95 19589.4
1435.39 21246.3
1437.82 20839.4
1440.24 19165.9
1442.63 20170.3
1445.01 19546.3
1447.39 21953.4
1449.74 21557.3
1452.11 21185.1
1454.49 19959.5
1456.85 19100.3
1459.22 21726.4
1461.59 22256.3
1463.96 19680.2
1466.34 19712.9
1468.71 21196.2
1471.08 20347.1
1473.45 22062.2
1475.83 21468.4
1478.19 20513.9
1480.54 20177.8
1482.92 18640.1
1485.3 18887.7
1487.67 20371.2
1490.04 19604.6
1492.4 20480.7
1494.77 21308.4
1497.15 21323.5
1499.53 19953.4
1501.89 19280.4
1504.26 21031.8
1506.64 20506.7
1509.05 19689.7
1511.48 20344
1513.88 23625.3
1516.2 20014.9
1518.49 20472.7
1520.78 20888.5
1523.07 18881.4
1525.37 21365.9
1527.67 20493.1
1529.95 21674.5
1532.25 21564.9
1534.54 19568
1536.82 21346.4
1539.12 22470.9
1541.4 20430.3
1543.71 19897.6
1546.03 18866.2
1548.31 22135.4
1550.6 22301.6
1552.89 22902.6
1555.2 20689.4
1557.5 19700.2
1559.83 20559.4
1562.11 21110.5
1564.41 21071.8
1566.69 23582.1
1568.98 20334.7
1571.26 21107.3
1573.55 19773.3
1575.84 21894
1578.12 21539
1580.38 20477
1582.64 21147.3
1584.9 20941.4
1587.15 20947.9
1589.39 20738.9
1591.64 21677.4
1593.89 23177
1596.14 22028.1
1598.4 19987.3
1600.66 20694
1602.9 20462.4
1605.15 20789.9
1607.4 22367.3
1609.69 18672.8
1611.94 22448
1614.22 20000.8
1616.86 21472.1
1619.37 20699.3
1621.87 21042.4
1624.4 20457.8
1626.9 21530.5
1629.42 22623.7
1631.84 21941.4
1634.09 19986.2
1636.33 20678.1
1638.59 22276.5
1640.87 19819.7
1643.15 19876.7
1645.78 21122.1
1648.42 20949.3
1651.06 21039.6
1653.6 21481.5
1655.98 21824.7
1658.43 21127.4
1660.87 20945.9
1663.32 19240.1
1665.77 22160.2
1668.22 18937.1
1670.68 21479
1673.13 18349.4
1675.58 22348.1
1678.03 20790.5
1680.48 21662.7
1682.92 23581
1685.35 20150.7
1687.78 21238.1
1690.24 22651.1
1692.77 21548.3
1695.3 21219.7
1697.72 19758.5
1700.19 22190.1
1702.64 21738.1
1705.07 20057.7
1707.54 19070.8
1709.99 22256.1
1712.44 21396.7
1714.9 20713.1
1717.34 22688.9
1719.75 20681.5
1722.19 22417.5
1724.64 20679.8
1727.08 21957.6
1729.46 21323.9
1731.85 19465.9
1734.23 20612.9
1736.59 22521.3
1738.98 21593.1
1741.37 19745.4
1743.74 21462.5
1746.17 19944.4
1748.59 19812.5
1751.02 21597.7
1753.46 21405.4
1755.9 19698.4
1758.33 19928.7
1760.78 20470.6
1763.19 19951.6
1765.62 21092
1768.12 23637.5
1770.63 21203
1773.15 19414.4
1775.66 20987.8
1778.18 22688.4
1780.68 21407
1783.16 22311.9
1785.58 20494
1788.01 22491.4
1790.43 23052.3
1792.86 24688
1795.28 21231.1
1797.7 23249.3
1800.14 23271.9
1802.59 23257.4
1804.88 21691.8
1807.16 20681.9
1809.45 20924.1
1811.74 20103.1
1814.03 23225.5
1816.36 21448.5
1818.66 21233
1820.94 20952.2
1823.23 19317.4
1825.52 20839.3
1827.8 22323.6
1830.1 20049.8
1832.4 21784.6
1835.08 20782.9
1837.57 19524.8
1840.08 21688.8
1842.36 20884.6
1844.71 21529.8
1847 22809
1849.29 22237.6
1851.58 19255.7
1853.87 19636.1
1856.16 20172.8
1858.46 20992
1860.75 22202
1863.03 21591.7
1865.33 22571.8
1867.71 22513.2
1869.99 21857.8
1872.47 19909.7
1874.76 22369.5
1877.09 20868.7
1879.37 20666.2
1881.66 21212.8
1884.16 22536.7
1886.45 22391.5
1888.75 19905.9
1891.03 20621.7
1893.31 22430.6
1895.62 21241.1
1897.91 24139.7
1900.18 21327.5
1902.47 20877.9
1904.78 20811.2
1907.16 21443
1909.55 21087.8
1911.94 20807
1914.48 19315
1916.99 21601.9
1919.5 20483.8
1922.03 20789.1
1924.55 19822.8
1927.06 20658.2
1929.58 20268.4
1932.01 19697.7
1934.44 21080.5
1936.88 21198.3
1939.31 21818.1
1941.73 20367.7
1944.15 19434.5
1946.59 21806.1
1949.07 22596.9
1951.53 22319.7
1954.02 20858
1956.56 21705.8
1959.02 21773.1
1961.48 21150.5
1963.94 21579
1966.42 21793.4
1968.87 21443
1971.33 19882.6
1973.8 20940.4
1976.28 21403
1978.73 23460.9
1981.16 20181.3
1983.62 20877.9
1986.01 20768.4
1988.38 22393.3
1990.76 21484
1993.14 22681.3
1995.57 22804.2
1997.97 22264.6
2000.37 18741.1
2002.74 19951.8
2005.26 21256
2007.7 21741
2010.13 20649.5
2012.56 21777.6
2014.99 21965.5
2017.43 19533.5
2019.87 22264.5
2022.31 20371.4
2024.74 22369.5
2027.18 22097.6
2029.59 21096.7
2031.88 20818.1
2034.16 19905.8
2036.44 18970.3
2038.73 22294.6
2041.01 20764.1
2043.35 23764.1
2045.63 21134.7
2047.97 22202.2
2050.25 22871.1
2052.53 21725.6
2054.82 22161.4
2057.13 21516.2
2059.41 21844.4
2061.69 20945.2
2064 20833.1
2066.28 21371.8
2068.58 20562.2
2071.15 22048.4
2073.7 20370.1
2076.25 19861.6
2078.79 22485.7
2081.32 22694.7
2083.87 20230.2
2086.41 20982.9
2088.94 20404.8
2091.47 22319.7
2094 22311.5
2096.47 21304.5
2098.92 24155.7
2101.38 21374.9
2103.84 22813.5
2106.29 21256.1
2108.74 20738.2
2111.2 21054
2113.65 21096.8
2116.12 20970.8
2118.58 21738.8
2121.01 21540.9
2123.45 21544.8
2125.89 21533.8
2128.35 22170
2130.65 21783.5
2132.97 21166.6
2135.27 20335.1
2137.57 21450.4
2139.88 20605.9
2142.19 20902.3
2144.49 22030.2
2146.79 21689.7
2149.09 21792.8
2151.39 24813.5
2153.69 23091.4
2155.98 22500.3
2158.32 20965
2160.61 21701.2
2162.88 23047.2
2165.17 23247
2167.45 21189.8
2169.72 22175.5
2171.98 22623.9
2174.25 22511.4
2176.52 20958
2178.8 22114.2
2181.06 20589
2183.33 23447.6
2185.6 21073.8
2187.86 22714.9
2190.12 22481.5
2192.39 23463.9
2194.65 18380
2196.96 20721.5
2199.69 20181.6
2202.44 23469.9
2205.15 24583.2
2207.8 22146.2
2210.22 22461.3
2212.64 23079.6
2215.03 22415.7
2217.42 21827.6
2219.81 24953.6
2222.21 21693.4
2224.61 22937.4
2227.01 21872.5
2229.41 23248.6
2231.84 20590.7
2234.22 22228.3
2236.62 21145.2
2239.05 21997.3
2241.47 21452.1
2243.93 21447.8
2246.38 21174.9
2248.81 21175.3
2251.27 20221.9
2253.74 22521.6
2256.15 20550.9
2258.57 21394.5
2260.99 21630.3
2263.46 18834.6
2265.86 21851.1
2268.31 22537.4
2270.71 21080.8
2273.26 23156.1
2275.6 20884.3
2277.89 22580.5
2280.19 21485.6
2282.49 20995.1
2284.8 21809.6
2287.11 23703.2
2289.43 21417.4
2291.75 24095.3
2294.05 22986.8
2296.37 21220.5
2298.66 22710.6
2300.98 23386.7
2303.28 21803.2
2305.61 21737.7
2307.89 23159.4
2310.17 20267.9
2312.45 23060.7
2314.72 22762.7
2316.98 22261.9
2319.25 21267.1
2321.51 23015.5
2323.78 24191.8
2326.04 21903.5
2328.3 20638.7
2330.57 21672.2
2332.83 20960.2
2335.1 22783.8
2337.37 21296.6
2339.63 24326.2
2341.89 23588
2344.16 22137.9
2346.41 20528.8
2348.68 22565.8
2350.95 21377.2
2353.22 23504.3
2355.48 22588.4
2357.75 21406.9
2360.02 21681.3
2362.28 22624.5
2364.54 20535.1
2366.81 25416
2369.09 20758.2
2371.36 20925.2
2373.64 21028.5
2375.91 20413.4
2378.17 23499.7
2380.44 23527.3
2382.71 21492.2
2385.15 24122.9
2387.66 22796.1
2390.18 22919.9
2392.71 19866.3
2395.24 23100.9
2397.78 23721.6
2400.32 23582.9
2402.86 22995.4
2405.39 21960.4
2407.93 20933.4
2410.45 21732
2412.96 23058.8
2415.49 22480.3
2418.02 23780.6
2420.34 23325.9
2422.66 23169.8
2424.97 21925.8
2427.28 22487
2429.6 23415.4
2431.91 19404.9
2434.22 22328.4
2436.53 22637.2
2438.83 25338.4
2441.14 20985.1
2443.45 22052
2445.81 22144.3
2448.27 23821.4
2450.75 21841.6
2453.29 22864.9
2455.82 22285.9
2458.36 24274.5
2460.76 23122.6
2463.15 23418.8
2465.56 22750.9
2467.95 24785.8
2470.35 21424.7
2472.77 24393
2475.17 23367.1
2477.59 19818.1
2479.97 20549.2
2482.37 23444.8
2484.82 21563
2487.26 21650.7
2489.71 21282.7
2492.15 22861.4
2494.59 21466.3
2497.03 22114.2
2499.46 21447.8
2501.86 24302.2
2504.26 22456
2506.71 21885.7
2509.15 21588.8
2511.59 22250.2
2514.03 23365.2
2516.47 21604.9
2518.92 22263
2521.36 23494.1
2523.81 20269.5
2526.26 24132.2
2528.7 21823.4
2531.15 21871.1
2533.59 22319.4
2536.04 23356.3
2538.52 22994.1
2540.97 21521.1
2543.42 22175.9
2545.85 24575.8
2548.29 23765.8
2550.73 22198
2553.18 22518.2
2555.62 21501.9
2558.08 21081.1
2560.51 21288.4
2562.96 22112.8
2565.5 26005.1
2568.03 20251.8
2570.56 21014.8
2573.08 21416.7
2575.41 24092.7
2577.69 21650.4
2579.96 21641.5
2582.24 21567.8
2584.63 23405.4
2586.91 21763.3
2589.18 23644.6
2591.45 22459.7
2593.72 23827.8
2596 22529.6
2598.28 21724.6
2600.58 23610.9
2602.86 21593.8
2605.14 22589
2607.42 21720.9
2609.71 20792.8
2611.99 21859.6
2614.26 21972.1
2616.53 21175.7
2618.8 20618.9
2621.08 21560.7
2623.35 24667.4
2625.62 20459.6
2627.9 23756.9
2630.19 23012
2632.46 22740.9
2634.97 21912.9
2637.38 23661.6
2639.78 22759.7
2642.17 22559.1
2644.56 21271.8
2647 22610
2649.45 21609.6
2651.9 22353.3
2654.35 24032.9
2656.74 23942.3
2659.17 21649.7
2661.57 21290.4
2664 22698.8
2666.39 22419.1
2668.8 22115.3
2671.19 20964.9
2673.57 20320.8
2675.97 22200.6
2678.36 23010.2
2680.82 21083.6
2683.26 22841.5
2685.65 21976.8
2688.04 21966.4
2690.43 23070.6
2692.82 22830.2
2695.27 21865.2
2697.71 20708.2
2700.15 20369.9
2702.61 25375.6
2705.04 22780.7
2707.49 22267.8
2709.94 22829.3
2712.39 21620.6
2714.84 21185.9
2717.29 23650.1
2719.7 23423.1
2722.09 22020.4
2724.49 24325.4
2726.89 21649.1
2729.27 22015.5
2731.65 22019.7
2734.05 22569.9
2736.47 20997.8
2738.86 23816.3
2741.25 23361.9
2743.63 22969
2746.05 22024.4
2748.46 23146.8
2750.85 22473.9
2753.23 22777.6
2755.62 21218.5
2758 21210.1
2760.4 23207.8
2762.8 22747.7
2765.18 23498.7
2767.59 24862.2
2769.98 22072
2772.38 24243.7
2774.77 24650.6
2777.17 21267.8
2779.58 21616.9
2782 21742
2784.39 23413.4
2786.78 24989
2789.18 22370.9
2791.57 19670.3
2793.98 21204.7
2796.36 23595.8
2798.75 23492
2801.14 22650
2803.54 23962.1
2806 22741.3
2808.45 23471.3
2810.9 21720
2813.35 22599.8
2815.8 22802.4
2818.25 22237
2820.7 21643.6
2823.15 24215.7
2825.61 23955.9
2828.06 23833.3
2830.51 22709.3
2832.98 22730.1
2835.4 20528.6
2837.8 23716.6
2840.19 24312.7
2842.59 21578.8
2845 25211.4
2847.4 23347.7
2849.8 22737.9
2852.19 21482.5
2854.58 21111.2
2856.98 22551.4
2859.37 23000.7
2861.78 20827.6
2864.19 21080.2
2866.59 23802.4
2868.98 22695.3
2871.26 24074.1
2873.55 20777.2
2875.83 23051.4
2878.11 23185.6
2880.39 23491.7
2882.67 22922.6
2884.98 22270.5
2887.28 23059.6
2889.56 23800.8
2891.85 21287.5
2894.17 21077.6
2896.67 22392.7
2899.06 21965.8
2901.45 21995.4
2903.85 23141.8
2906.25 20126
2908.64 23189
2911.16 21287.5
2913.56 22381.7
2915.87 24819.2
2918.14 24501.9
2920.44 23040.9
2922.72 23063.6
2925.07 23333.4
2927.35 23048
2929.63 21350
2932.01 21965.7
2934.42 24623.7
2936.81 21633.1
2939.2 22981.6
2941.61 23496.5
2944.01 22956.4
2946.4 23778.1
2948.79 24035
2951.19 22644.1
2953.57 23246.4
2956.1 20951.9
2958.63 21504.2
2961.15 22674
2963.47 23045.6
2965.75 23121.9
2968.04 23380.4
2970.31 23257.1
2972.59 22422
2974.88 22006.5
2977.24 22861.2
2979.57 24136.8
2981.9 20513.4
2984.22 21755.3
2986.56 22347.7
2988.88 22759.1
2991.22 25650.8
2993.54 23065.4
2995.87 24275.3
2998.2 21785.8
3000.53 22913.8
3002.87 22278.2
3005.28 24294
3007.73 22350.4
3010.26 22382.7
3012.79 21538.9
3015.35 23812.9
3017.83 23053.6
3020.12 24040.3
3022.4 23371.3
3024.69 20833.1
3026.97 23726.9
3029.26 22005.9
3031.54 22830.6
3033.83 23676.2
3036.12 24382.9
3038.4 22697.5
3040.69 24044.2
3042.98 23458.3
3045.26 22325.4
3047.54 20531.7
3049.83 24244.9
3052.12 19799.5
3054.41 23683
3056.69 22186.7
3058.98 22924.3
3061.28 23518.3
3063.56 23879.4
3065.85 22024.2
3068.13 24035.8
3070.41 22871.5
3072.7 24000.7
3075.07 25016.8
3077.38 24039.6
3079.66 22660.5
heldout 23120.5,
