time objective
3.55674 62840.2
6.6407 78093.6
9.54075 68752.1
12.7229 68700
16.0347 68734.8
19.4171 62405.1
22.714 59192.5
26.0584 59030.6
29.4773 51994.9
32.9617 49881.3
36.7116 50781.7
40.4739 46859.1
44.0608 46027.2
47.7818 44565.5
51.4722 45936.5
55.3936 45981.3
59.4505 41249.4
63.3291 41018.4
67.1947 39594
71.1343 41936.7
75.3413 37600.1
79.5377 37134.4
83.5653 38106.7
87.6289 38429.9
91.7736 39506.2
96.1759 37455.4
100.425 37870.4
104.612 35536.3
108.795 38155.3
113.251 35576.6
117.637 38244.5
121.891 39693.9
126.149 37851.1
130.557 37544.4
135.06 39523.6
139.334 38147.7
143.698 37059.1
148.134 36767.2
152.721 37928.9
157.16 37718.5
161.524 40453.1
165.978 36879.4
170.657 37032.9
175.203 38353.3
179.62 38880.6
184.039 36621.5
188.698 36511.8
193.221 37118.2
197.665 38909.9
202.105 36246.5
206.779 37711.7
211.312 37100.7
215.718 36579.3
220.168 36918.4
224.8 36868.9
229.395 36371.7
233.803 33740.4
238.214 34115.3
242.824 35151.2
247.433 33994.8
251.824 35142.4
256.193 34052
260.757 34645
265.311 34745.9
269.692 35453.4
274.066 35332.3
278.567 32979.6
283.19 35609.6
287.512 34285.3
291.866 33207.7
296.361 32179.5
300.941 33691.3
305.289 35535.4
309.63 32349.9
314.118 33874.2
318.685 34827.8
323.033 32599.2
327.354 35119
331.799 33265.5
336.371 32479.2
340.783 31633.6
345.092 32679.6
349.433 34295
353.963 34796.3
358.357 31875.9
362.642 32652.3
366.936 32632.8
371.429 33089.2
376.575 30683.6
380.403 33062.2
386.162 32777.1
391.312 32522.1
396.684 32987.3
402.958 33203.7
407.308 32092
413.279 31815.2
417.981 31822.3
423.118 31206.6
427.397 31622.3
431.443 32269.8
436.152 31836.7
441.201 33540.4
446.586 30829
452.563 31595.3
457.446 30916.6
462.452 30225
467.371 31084.9
472.084 29613.7
476.901 32587
481.565 30622.6
486.34 30356.3
491.761 29538.1
496.08 30468.7
501.08 31160.4
505.278 31458.2
510.298 29549.8
514.649 29844.6
519.792 29612.7
525.672 30614.4
530.341 30506.5
535.285 30806.6
539.773 29132.2
544.334 29109.5
550.082 29336.3
554.937 30480.6
560.633 29136.8
565.069 30063.5
569.296 28679.5
573.497 30712.3
578.542 27889.6
583.713 29849.7
589.384 29685
593.823 30155.3
598.234 28510.9
602.849 29244.1
607.228 30231.4
612.215 28504.2
616.604 28108.1
621.213 29703.9
626.589 28272.9
630.745 29361.7
634.996 28102.4
640.433 28841.2
645.379 28684.6
650.29 27437.6
655.382 28606.3
661.288 27743.8
666.527 27029.9
671.897 28673.4
677.115 29160.9
681.962 27999.9
687.046 26579.6
693.155 29394.4
698.466 30473.9
702.899 27207.3
707.69 26500
712.2 28040.6
717.454 28000.5
722.912 27185
728.476 27612.2
733.601 26834.9
738.081 27843.2
742.118 28810.8
746.337 27050.6
751.596 29000.5
755.899 27424.5
760.344 25675.1
764.397 26135.6
768.755 28632.2
773.986 27653
779.584 27090.1
784.852 28641.2
789.098 27267.3
793.205 27926
797.322 27975.5
801.265 26743.5
805.466 27727.6
809.546 27574.7
813.638 29249.4
817.773 27354.2
821.624 27797
825.766 27235.8
829.852 27389.5
833.935 26664.8
838.004 24566.8
842.095 25938.3
845.966 26818.1
850.046 26118.3
854.128 26076.5
858.217 25624.9
862.215 27667
866.004 26178.4
870.009 25885.6
874.08 23591.5
878.112 26341.7
882.157 25123.4
886.026 26100.8
890.218 27440
894.273 25720.1
898.397 24329.7
902.477 27615.2
906.499 27956.7
910.398 24820.2
914.449 25831
918.51 25409.7
922.568 26066.6
926.652 25636.5
930.569 26828.7
934.634 25603.2
938.762 25954.4
942.79 25721.2
946.749 27432.5
950.579 25606.4
954.634 26012.9
958.742 26769.8
962.807 24463.4
966.924 27030.5
970.962 24620.8
974.864 25299.1
978.934 25268.7
983.014 26064.1
987.091 24154.2
991.073 24409.6
995.001 24158
999.039 24272.4
1003.09 23536.1
1007.15 24051
1011.22 23324
1015.07 24280.9
1018.98 23793.5
1022.94 25657.1
1026.91 24280
1030.82 25877.6
1034.89 24902.3
1038.73 24863.6
1042.81 25195.3
1046.86 25908.1
1050.95 24615.8
1055.03 23661.5
1058.9 24322
1062.93 25450.7
1067.08 22664.1
1071.12 23581.1
1075.09 23932.3
1078.99 23769.7
1083.01 23531.3
1087.36 26754
1092.71 23142.7
1098.05 22901.3
1103.13 24479.7
1108.32 24833.7
1113.43 23990.2
1118.59 24623.4
1123.74 24759.5
1128.88 24166.3
1134.07 23697
1139.43 25384.5
1144.76 24917.4
1150.05 25225.7
1155.34 25732.6
1160.63 24100.4
1165.95 23413.3
1171.32 22963.9
1175.96 22987.5
1181.27 26072.1
1186.61 23096.5
1191.95 23304.1
1197.25 22576
1202.53 24641.3
1207.84 23750.7
1213.18 21923
1218.47 22003.3
1223.76 24009.4
1229.02 23802.1
1234.34 25347.4
1239.68 25138.2
1244.96 23888.7
1250.09 23143.4
1255.41 22910.7
1260.71 24257.8
1266.06 22945.4
1271.38 24356.4
1276.72 23138.6
1282.06 22283.7
1286.56 23507.5
1291.81 23905.2
1297.12 24338
1302.46 24052.8
1307.77 22870.4
1313.11 23844
1318.41 22784.6
1323.72 22596.9
1329.01 22579.4
1334.35 22787
1339.58 22646
1344.92 23579.6
1350.2 22685.9
1355.54 23062.5
1360.86 23403.9
1366.17 22637.8
1371.44 21685.7
1376.73 23340.6
1381.93 24962.3
1387.22 22378.2
1392.56 22416
1397.08 22254.9
1402.38 22775.9
1407.66 21701.6
1412.96 24569.4
1418.25 21732
1423.52 23512.8
1428.74 22141.1
1434.07 23017
1439.38 21157.9
1444.69 23041.6
1449.96 22690.4
1455.28 23945
1460.62 23492.7
1465.96 23208.8
1471.27 22630.8
1476.4 22687.8
1481.68 21643.4
1486.94 22517.5
1492.21 23412.7
1497.47 22399.5
1502.75 21888.3
1507.49 23192.9
1512.77 22569
1517.96 21639.7
1523.22 23094.2
1528.57 24101.3
1533.83 22999.2
1539.14 21833.6
1544.41 22469.5
1549.74 22102
1555.05 23299.9
1560.34 21899.6
1565.54 21951.3
1570.8 22645.5
1576.08 22646
1581.37 23821.7
1586.69 21098.6
1592.01 22729.2
1597.25 22748.3
1602.53 22348.7
1607.78 22405.2
1612.97 21612.7
1617.69 22299.6
1622.95 22972.7
1628.21 22365.1
1633.44 22635.9
1638.64 22258.7
1643.91 21215
1649.2 24394.2
1654.4 22890.9
1659.67 22428.1
1664.91 22885.6
1670.21 22074.7
1675.49 23229.2
1680.76 23735.7
1686.05 21507.7
1691.25 22090.6
1696.52 21964.1
1701.79 22361.1
1707.07 21897.8
1712.34 22166.3
1717.55 23368.1
1722.78 21078.3
1727.28 23545.1
1732.52 22798.7
1737.78 21766.9
1743.12 21476.8
1748.49 22427.4
1753.82 24519.1
1759.05 23485.2
1764.28 22267.5
1769.51 21460.3
1774.78 21413.7
1780.01 22457.4
1785.15 23231.7
1790.39 23660
1795.67 21105.4
1800.95 22233.2
1806.22 21856.3
1811.44 21889.3
1816.73 22894.9
1822.02 24072
1827.25 23055.9
1832.41 22902.7
1836.83 22425.6
1842.08 24135.4
1847.29 22145
1852.54 22592
1857.75 21669
1863 21743.8
1868.23 22872
1873.45 23977.5
1878.55 21375.2
1883.76 24057
1888.98 23192.4
1894.23 21981.5
1899.46 23058
1904.68 22960.6
1909.87 21748.1
1915.12 21473.8
1920.38 20916.6
1925.61 22291.7
1930.88 22028.7
1936.1 21398.9
1941.33 23825.2
1945.96 22027.2
1951.23 22506.8
1956.5 21190.4
1961.75 22241.6
1965.57 24731.6
1969.38 21793.8
1973.21 22829.1
1977.01 22475.8
1980.82 22977
1984.59 21945.3
1988.42 22420.1
1992.21 21476.8
1996.53 22354.2
2001.81 22360.1
2007.06 21751.2
2012.37 22566.9
2017.17 21702.7
2022.48 22687.5
2027.8 22118.6
2033.1 21978.5
2038.4 21669.5
2043.71 22204.6
2049.02 23129.3
2054.31 21690.1
2059.54 22561.2
2064.84 21871.2
2070.14 21433.8
2075.46 22521.4
2080.73 21947.8
2086.05 23291.7
2091.35 21336.6
2096.64 21885.6
2101.88 20697.8
2107.16 20136.1
2112.46 20416.3
2117.83 22337.9
2123.11 21955.3
2127.9 21232.9
2133.19 22805.9
2138.5 23451.7
2143.71 23100.9
2148.97 22421.9
2154.27 21135.4
2159.56 23222.2
2164.87 21651
2170.18 21813.7
2175.45 21925.7
2180.75 21697
2186.02 22337.6
2191.27 22223.5
2196.53 23100.2
2201.78 21912.2
2207.05 21367.3
2212.33 22388.7
2217.61 21932.3
2222.86 22997
2228.09 22425.6
2233.37 21713.6
2238.64 22414.4
2243.36 21974.2
2248.61 22158.6
2253.85 22911.5
2259.11 22548.5
2264.4 20637.9
2269.58 22906.3
2274.87 21835.2
2280.15 21005
2285.45 21157.3
2290.75 20397.4
2296.04 22265
2301.33 22823.1
2306.62 21047.8
2311.79 20991.9
2317.08 21273
2322.35 22698.7
2327.65 20857.5
2332.94 21447
2338.23 22165.8
2343.52 21073.3
2348.79 21806.2
2353.31 22999.1
2358.61 21917.3
2363.9 21547.3
2369.18 23051.3
2374.47 21542.2
2379.73 22478
2385.01 21828.8
2390.3 21815.2
2395.47 21963
2400.75 23258.2
2406.02 21264
2411.3 21632.4
2416.58 21287.6
2421.88 20430.1
2427.18 22286.5
2432.47 21663.4
2437.66 20636.4
2442.9 23566.5
2448.22 22299.7
2453.52 20531.4
2458.81 21855.3
2464.1 24279.7
2468.6 22446.6
2473.87 21075.4
2479.06 21707
2484.35 22417.5
2489.65 21953.8
2494.91 22241.7
2500.16 22488.2
2505.4 21910.7
2510.67 21372.4
2515.92 22043
2521.12 20896.1
2526.36 23621.5
2531.61 21460
2536.86 22905.2
2542.13 21404.2
2547.44 20944
2552.74 21477.8
2558.01 22049
2563.16 22739.1
2568.41 22802.3
2573.68 22336.6
2578.27 21342.8
2583.51 20050.7
2588.71 21434.4
2593.96 22258.8
2599.23 20545.4
2604.5 23162.2
2609.63 20989.4
2614.82 21451.5
2620.02 21795.3
2625.22 20305.9
2630.36 19121.2
2635.52 23175.4
2640.71 22154.3
2645.95 20648.1
2651.21 21470.4
2656.35 22000.6
2661.62 21491.6
2666.88 21981
2672.13 21285.8
2677.28 21637.9
2682.51 19602.7
2687.79 20865.7
2692.2 21996.2
2697.38 21463.7
2702.59 21693.2
2707.82 21530.4
2712.7 20664.5
2716.8 20157.2
2720.89 21757.7
2725.05 20126.2
2729.14 21951.5
2733.16 19511
2736.99 21505.5
2740.89 21751.6
2744.44 21997.4
2747.93 21904.5
2751.31 21155.5
2754.72 21195.4
2758.33 21625.1
2762.28 22750.9
2766.38 21580.5
2770.32 21300.2
2774.61 22771.6
2778.81 20487.3
2782.9 22783
2786.98 20611.8
2791.22 21474.3
2795.52 21083.2
2799.6 22115.8
2803.73 20800
2807.84 21942.8
2811.96 22187.4
2816.14 23064.3
2820.22 21321.4
2824.31 22144.9
2828.61 22408.3
2832.19 22290
2835.67 22461.1
2839.12 21380.1
2842.46 21959.8
2846.02 21603
2849.6 21584
2853.19 22328.8
2856.78 21890.1
2860.32 19844.4
2864.38 23686.9
2868.29 20735.4
2872.61 20125.4
2876.77 21901
2880.85 20990.2
2884.94 22314.6
2889.2 21329.1
2893.48 22605.5
2897.57 22223.7
2901.63 21881.4
2905.79 21345.1
2909.93 22368.9
2914.08 22840.2
2918.15 22026.3
2922.21 20132.1
2926.45 22344.4
2930.41 21700.8
2933.83 21338.9
2937.31 22279.5
2940.9 23001.3
2944.42 23387
2947.87 22081.6
2951.22 21369.3
2954.79 21065.3
2958.35 22186.8
2962.29 21819.8
2966.34 20490
2970.46 22370.3
2974.73 23009.1
2978.84 22481.5
2983.02 23024.3
2987.25 21852.4
2991.62 21768.3
2995.82 21184.9
2999.89 21357
3003.95 20851.2
3008.25 21288.3
3012.28 22887.8
3016.34 21689.6
3020.41 21566.6
3024.53 22285.1
3028.81 20706.1
3032.46 22499.5
3035.91 21490
3039.39 20397.6
3042.72 22241.7
3046.27 21841
3049.85 21232
3053.42 21716.8
3056.99 21670.7
3060.53 23553.2
3064.62 22738.2
3068.78 21615.9
3073.06 22819.9
3077.2 23452.9
3081.27 21089.7
3085.33 21605.3
3089.64 23081.3
3093.89 23217.4
3097.95 21748.9
3102.01 22392.1
3106.2 21571.8
3110.46 21621.7
3114.62 20628.7
3118.7 21832.9
3122.76 22462.4
3126.98 21040.8
3131.3 21358
3135.36 23122
3139.43 22077.1
3143.36 21218
3147.03 22323.2
3150.62 21900.8
3154.11 22159.4
3157.61 23574.5
3161.1 19794.9
3164.48 22549.8
3167.92 20777.7
3171.38 23001.6
3175.55 21333.7
3179.63 21302.6
3183.74 21658.2
3187.91 22011.7
3192.19 22385.9
3196.35 22116.5
3200.39 21983.4
3204.44 20895.1
3208.51 22404.3
3212.77 23570
3216.84 21544.4
3220.9 23687.2
3225.05 20199.3
3229.44 22204.2
3233.71 23986.3
3237.88 20494.9
3241.94 20084.1
3245.62 22775
3249.16 21678.2
3252.64 20870.6
3256.06 22878.5
3259.54 21977.3
3262.99 21168.3
3266.45 23479.3
3269.9 22386.2
3273.51 22092.6
3277.63 22047.9
3281.69 21196
3285.76 21264
3290.04 20112.7
3294.31 20360.6
3298.43 21888.2
3302.49 21148.7
3306.6 21981.6
3310.71 21845.2
3314.92 21016
3318.95 21934.1
3323.01 23356.8
3327.28 22115.6
3331.61 21769.1
3335.67 22450.2
3339.71 21679.4
3343.81 21136.8
3347.58 22529.8
3351 21773.6
3354.41 23048.2
3357.91 21374.2
3361.41 21718.7
3364.84 23213.2
3368.3 21161.1
3371.85 21693.4
3375.38 22014.6
3379.44 21161.4
3383.52 23016.1
3387.72 22755.6
3392.02 22488.4
3396.06 22233.5
3400.12 22792.9
3404.18 21399.2
3408.46 21985.1
3412.45 22162.7
3416.51 22331.4
3420.57 21940.6
3424.74 20771.9
3429.05 22217
3433.19 21481.6
3437.25 20538.1
3441.32 23019.3
3445.62 22965.6
3449.22 23737.4
3452.64 22967.4
3456.1 23148.5
3459.56 22393.5
3463.03 23062.8
3466.52 22412.1
3470.14 21901.8
3474.19 23369.1
3478.03 22713
3482.06 21204.4
3486.12 21367.1
3490.4 21600.9
3494.61 23213.2
3498.66 22612
3502.72 22038.5
3506.87 21848.8
3511.16 21670.8
3515.28 21504.6
3519.35 22779.2
3523.4 23474.2
3527.7 21563.1
3531.95 22550.6
3536 22453.8
3540.06 23253.1
3544.21 21979
3548.47 21507.4
3552.42 22856.8
3556.46 22206.1
3560.06 22384.1
3563.74 21981.7
3567.21 20867.6
3570.66 21638.1
3574.03 21361.4
3577.36 22779
3580.9 21914.1
3584.45 23671.5
3587.98 22873.3
3592.25 22461.9
3596.32 22703
3600.38 22580.9
3604.42 22211.3
3608.5 21959.4
3612.7 21903.2
3616.75 21723.9
3620.83 21806.4
3625.02 21862.7
3629.32 22128.3
3633.38 23074.1
3637.44 21815.6
3641.51 22155.7
3645.86 22519.5
3649.88 21329.4
3653.93 23253.5
3658 20742.5
3661.47 20932.2
3665.02 21037.6
3668.39 23345.5
3671.76 21970.8
3675.35 21610.6
3678.81 23034.6
3682.34 21619.7
3685.82 23092.1
3689.42 21909.6
3693.59 23045.8
3697.66 21089.8
3701.72 22541.1
3706 22398.7
3710.07 20972.8
3714.12 23106.9
3718.19 23335.4
3722.39 24015.9
3726.83 24497.2
3731.11 23059.3
3735.19 22746.7
3739.27 22668.5
3743.58 22752.7
3747.89 22602.6
3751.72 22159.2
3755.8 23126.9
3759.93 22200.6
3763.51 20753.2
3766.87 22273
3770.27 22649.7
3773.78 24495.6
3777.37 23381.2
3780.95 21782.2
3784.43 24070.3
3788 22990.2
3791.6 22260.2
3795.66 21958
3799.74 23910.4
3803.96 21545.3
3808 22303.6
3812.06 21880
3816.12 22137.6
3820.2 22641.3
3824.53 21386.5
3828.73 22618.3
3832.82 21929.6
3836.88 22019.5
3841.03 22489.2
3845.3 22363.2
3849.34 22125.6
3853.27 23024.5
3857.33 21646.7
3861.61 22198.8
3865.1 22039.3
3868.48 22183.5
3871.84 20550.5
3875.4 22726
3879.27 23356.7
3883.08 22907.1
3886.9 22048.6
3890.96 21186.4
3894.96 21412.8
3899.02 22093.5
3903.06 23137.7
3907.21 22089.4
3911.5 22198.9
3915.63 22763.1
3919.66 23207.2
3923.72 22227.4
3927.97 22882.6
3932.25 20837.6
3936.28 22001.3
3940.35 21252.3
3944.43 21494.7
3948.51 23438.4
3952.71 23615.6
3956.78 22865.8
3960.82 22565.4
3964.99 22697.6
3969.4 22904.9
3973.6 23256.7
3977.09 21914.7
3980.58 20713
3983.87 22379
3987.29 24543.6
3990.85 22422.8
3994.48 22225.5
3998 23840.8
4001.43 22510.4
4004.87 23722
4009.08 21679.4
4013.35 23443
4017.41 23287.6
4021.47 21894.9
4025.58 23803.6
4029.84 21484.3
4034.01 22229.3
4038.06 24007.9
4042.1 21543.6
4046.34 22019.7
4050.34 22864.6
4054.35 23502.6
4058.39 20975.2
4062.44 22117.5
4066.75 22624
4070.95 22610.8
4074.99 22518.9
4078.37 22196.8
4081.88 22413.2
4085.2 22460.8
4088.6 21872.6
4092.06 24185.1
4095.65 23333.5
4099.34 22557.3
4102.84 22447.5
4106.19 22406.9
4110.48 22085.7
4114.6 23719.8
4118.66 22816.1
4122.73 22099.5
4126.98 23545.3
4131.28 23478
4135.32 23825.1
4139.37 21883.4
4143.49 22958.8
4147.82 20828.5
4151.73 23449.3
4155.78 23013.3
4159.83 24338.9
4164.03 24079.3
4168.33 23035.6
4172.37 24440.9
4176.41 21402.6
4180.08 21699.3
4183.73 22848.1
4187.15 22436.5
4190.6 20985.4
4194.05 21961.1
4197.53 21144.9
4200.98 23177.7
4204.45 22379.4
4208.02 22678.2
4212.17 23053.8
4216.26 24074.2
4220.29 21993.1
4224.45 21269
4228.71 23100.1
4232.81 23635.1
4236.85 23272.5
4240.91 23778.5
4245.17 23270.5
4249.4 23355
4253.21 20756.8
4257.27 23589.8
4261.37 23909.7
4265.67 22408.8
4269.8 22196.2
4273.83 22612
4277.89 23295.6
4281.78 21676.9
4285.32 21329.9
4289.11 22504.8
4292.91 23208.2
4296.85 22514.3
4300.88 22128.8
4304.71 23092.2
4308.57 21651.8
4312.5 22740.8
4316.53 22404
4320.57 23377.7
4324.63 22001.4
4328.69 21213.6
4332.97 23093.4
4337.2 22764.8
4341.21 23417.5
4345.26 22874.4
4349.22 21414
4353.43 23087.6
4357.53 22640.7
4361.61 22084.2
4365.6 24228.6
4369.79 22586.1
4374.04 24575.2
4378.06 22441.9
4382.09 23407.2
4386.1 22983.8
4390.35 22304.7
4394.55 22793.7
4398.41 22060.3
4402.25 22259.7
4406.19 21645.7
4410.24 24002.2
4414.01 22890.3
4417.79 21784.3
4421.62 22596
4425.55 21644.8
4429.49 23847.7
4433.44 22800.8
4437.42 23583.9
4441.6 24108.2
4445.83 21675.8
4449.83 24782.1
4453.88 23512.7
4457.94 21384.3
4462.21 22757.6
4466.41 23298.7
4470.4 22019.1
4474.41 22345.8
4478.5 22394
4482.8 23968.1
4486.89 22858.1
4490.9 22241.5
4494.93 22705
4499.18 22750.3
4503.43 23244.8
4507.46 23494.5
4511.5 22744.7
4515.43 22903.5
4519.47 23160
4523.4 23466.5
4527.21 22475.6
4530.99 22985.9
4535.01 22452.9
4538.92 23667.1
4542.74 22635.4
4546.53 24413
4550.57 23484.4
4554.8 23842.3
4558.83 23281.5
4562.87 22420.8
4566.91 22174.1
4571.14 24185.2
4575.32 22893.9
4579.35 21926.7
4583.42 23577.9
4587.52 22649.1
4591.76 22994.6
4595.91 21743.3
4599.93 22316.4
4603.99 22084
4608.22 24477.9
4612.46 21365.9
4616.47 24165.7
4620.48 23421
4624.58 23954.8
4628.82 21678.1
4632.75 24031.7
4636.57 23958.2
4640.41 22470.8
4644.42 23281
4648.4 21904
4652.18 22019.9
4656 23130.9
4659.93 21813.8
4663.93 22861.7
4667.74 23011.3
4671.77 23004.8
4675.8 21650.3
4680.02 23480.6
4684.2 23342.2
4688.22 22593.6
4692.23 24418.7
4696.38 21354.4
4700.59 22275.3
4704.69 22169.5
4708.71 22947.2
4712.74 22770.8
4717.01 22354.7
4721.2 23948.9
4725.19 21129.9
4729.19 22333.9
4733.25 23273
4737.49 23176.9
4741.69 22010.5
4745.66 22452.4
4749.49 21363.8
4753.43 22897.9
4757.48 23944.4
4761.3 23072.1
4765.13 22015
4769.01 21875.3
4773.01 21605.2
4776.89 22512.6
4780.71 22448.4
4784.51 23907.7
4788.74 22175.6
4792.93 23726
4796.94 22825.9
4800.95 22053.5
4805.01 24728.7
4809.28 21909.3
4813.42 22128.1
4817.43 22478.4
4821.43 23193.9
4825.6 23877.2
4829.81 24678.4
4833.84 22926.9
4837.86 22429.1
4841.87 21858
4846.09 22265.8
4850.28 21981.4
4854.29 22138
4858.3 23018.2
4862.38 22181.7
4866.4 22948.5
4870.29 22400.4
4874.09 23668.2
4877.89 24128.9
4881.85 22808.3
4885.83 22579.9
4889.65 22345.3
4893.46 23511.3
4897.36 22807.3
4901.46 23085
4905.51 21835.9
4909.54 23329.7
4913.6 23353.4
4917.83 23522.6
4922.06 24838.2
4926.1 24237.2
4930.15 22300.8
4934.3 22360.3
4938.59 24616
4942.73 22794
4946.77 24824.6
4950.87 24245.6
4955.02 22634.5
4959.25 22530
4963.29 22902.7
4967.27 24736.7
4971.39 24066.8
4975.76 22979.5
4980.03 23995.7
4984.08 23457.7
4987.9 22566.7
4991.83 24216
4995.86 22529.8
4999.64 23705.8
5003.44 23467.4
5007.32 23513.9
5011.35 23009
5015.23 23093.5
5019.06 22737.1
5023.04 21178.8
5027.28 22792
5031.49 22482.1
5035.51 24109.8
5039.51 23382
5043.57 22848.6
5047.8 24045.6
5051.98 23902.4
5056.01 24038
5060.03 23553.5
5064.19 21802.2
5068.48 23667.3
5072.52 23136
5076.54 22769.5
5080.59 22760.3
5084.83 23552.6
5089.01 21902.5
5093.03 23134.8
5097.05 23503.4
5101.16 22284.7
5105.15 21807.6
5109.03 23681.5
5112.79 23113.4
5116.59 21952.4
5120.61 23985.8
5124.58 23022
5128.4 21494
5132.2 22662.6
5136.1 22836
5140.27 24131.5
5144.28 22892.9
5148.27 22696.2
5152.34 21555.5
5156.56 21994.2
5160.73 23371.5
5164.75 23321.3
5168.79 23773.6
5172.89 22770.7
5177.12 22800
5181.28 22484.2
5185.33 22488.4
5189.4 22590.4
5193.68 23439.9
5197.86 23645.2
5201.88 22523
5205.93 21168.4
5210.02 22676.2
5214.24 23321.3
5218.38 22955.5
5222.45 23708.4
5226.45 22295.8
5230.61 24654.5
5234.9 23593
5238.84 23572.5
5242.83 24036.8
5246.87 23181.4
5251.13 22383.3
5255.29 22212.2
5259.32 24450.1
5263.32 21961.8
5267.46 21495.9
5271.7 24089.9
5275.81 23824.7
5279.86 21664.2
5283.91 23077.8
heldout 22533.6,
