time objective
2.97537 306.225
5.43054 252.041
7.75118 259.772
10.1753 239.152
12.5925 222.12
15.0124 230.644
17.4443 239.131
19.9813 218.065
22.5943 225.834
25.1378 249.511
27.6129 216.051
30.1723 236.104
32.7439 239.373
35.395 203.917
37.8136 196.796
40.2567 209.033
42.724 194.785
45.1975 216.382
47.6361 216.425
50.1078 203.64
52.7517 209.219
55.4047 195.653
58.0658 184.116
60.8228 200.726
63.7138 191.006
66.5633 189.616
69.539 177.073
72.5102 215.685
75.15 175.246
77.7955 187.673
80.529 183.054
83.3167 182.021
86.2326 205.468
88.8934 189.59
91.5541 173.879
94.2588 178.458
96.9758 215.662
99.6867 168.291
102.348 167.6
105.056 188.703
107.767 182.834
110.486 170.416
113.615 192.377
117.056 156.173
120.052 180.384
122.783 167.537
125.563 160.076
128.345 185.447
131.124 170.554
134.3 145.728
136.897 159.877
139.448 157.426
142.02 172.345
144.607 171.804
147.195 155.786
149.819 164.034
153.091 173.087
156.761 183.745
159.918 176.244
162.612 183.304
165.347 143.082
168.276 160.148
171.057 160.552
173.839 186.89
176.74 146.589
179.436 158.286
182.171 173.627
184.91 166.663
187.649 176.037
190.388 153.574
193.226 162.898
195.971 149.239
198.676 164.969
201.421 154.756
204.171 151.051
207.236 158.177
210.324 153.132
213.372 165.163
216.316 161.832
219.249 146.514
222.147 144.918
225.008 157.504
227.872 167.719
230.933 155.073
233.887 147.641
236.667 141.56
239.321 136.141
241.969 147.774
244.762 145.415
247.538 147.161
250.341 185.78
253.084 148.429
255.83 154.297
258.603 147.737
261.376 148.506
264.151 145.517
266.984 127.444
270.112 154.512
272.829 157.272
275.609 143.665
278.439 122.894
281.294 175.437
284.071 170.199
286.86 141.507
289.632 154.479
292.366 168.321
295.197 145.687
298.014 164.682
300.815 150.416
303.592 146.62
306.415 138.969
309.174 147.841
312.191 163.327
315.329 144.569
318.473 141.242
321.618 151.496
324.328 139.054
326.964 138.51
329.59 128.232
332.231 146.593
334.892 137.819
337.531 150.349
340.171 156.003
342.818 140.805
345.485 132.469
348.103 139.628
350.75 133.247
353.396 126.846
356.04 140.015
358.686 142.836
361.365 154.649
364.019 148.246
366.658 127.443
369.297 175.914
371.954 147.441
374.661 144.085
377.314 144.463
379.967 130.866
382.695 143.221
386.461 155.32
389.585 168.466
392.964 127.49
396.347 148.511
399.737 170.504
403.086 125.964
406.798 107.856
409.788 148.551
412.442 131.634
415.126 134.711
417.786 126.246
420.447 128.348
heldout 135.974,
