time objective
250.015 132.426
507.801 119.023
762.446 128.242
1025.35 122.595
1290.31 124.874
1554.36 123.408
1806.71 122.701
2064.38 131.207
2311.86 94.6174
2563.72 127.75
2812.79 102.347
3060.81 116.874
3312.88 120.69
3557.9 103.401
3810.36 105.685
4058.92 138.306
4311.49 105.005
4563.63 115.374
4813.45 113.897
5063.5 109.969
5313.91 102.127
5562.96 147.863
5825.08 104.763
6085.88 108.643
6345.36 108.64
6604.95 125.499
6861.57 137.644
7123.65 141.218
7380.84 110.051
7638.07 126.013
7895.44 122.669
8147.86 119.739
8402.35 129.458
8657.33 125.158
8904.57 136.985
9154.33 111.955
9406.14 122.866
9660.45 125.438
9907.09 136.727
10157.2 122.964
10406.1 105.512
10649 125.824
10903 115.584
11152.3 143.964
11401.8 98.4034
11648.4 118.917
11904.4 122.581
12150.8 112.283
12398.6 134.423
12643.9 120.896
12892.6 121.054
13143.9 100.745
13395.4 118.085
13644.8 121.029
13883 111.709
14119.2 100.535
14355.7 146.822
14594.3 129.349
14830.7 105.964
15067.9 122.322
15307.9 139.18
15545.2 128.811
15781.5 106.302
16016.1 127.616
16250.5 120.318
16484.6 122.571
16717.1 132.116
16951.9 143.55
17187.3 101.33
17423.3 150.265
17657.1 128.549
17890.7 131.143
18123.4 104.468
18358.8 128.779
18591 131.922
18826.8 124.324
19062.5 111.509
19297.9 134.043
19534.8 132.042
19770.4 114.086
20005.2 110.098
20240.6 134.955
20474.8 144.408
20709.9 137.044
20944.6 105.265
21179.6 107.608
21414.3 118.026
21648.9 112.151
21884.3 104.125
22118.9 121.069
22353.8 146.529
22588.8 148.778
22825 120.785
