time objective
2.32909 3.70813e+07
4.65907 1.41456e+07
6.99262 7.46503e+06
9.33174 5.07045e+06
11.6891 3.73727e+06
14.0354 2.82383e+06
16.3852 2.23951e+06
19.1512 1.95671e+06
22.6706 1.62893e+06
26.1064 1.38761e+06
29.5242 1.20132e+06
33.0607 1.06685e+06
36.3516 942102
38.6611 841163
41.0024 756686
43.5233 687513
49.1041 625821
54.0598 574450
57.6139 529620
60.7119 489649
66.1956 454634
69.2536 423866
72.3092 396568
74.5997 371933
76.9311 349120
79.2678 328928
81.6024 310799
83.9422 293938
87.0599 278822
90.1767 265046
93.3738 252338
97.7658 240633
102.111 229978
107.341 219999
113.604 211156
119.09 202742
123.908 195167
129.657 187789
135.072 180808
139.602 174352
144.119 168230
148.604 162614
153.253 157270
156.825 152262
160.793 147524
164.587 143047
170.024 138780
176.427 134733
182.698 130869
188.889 127230
192.296 123805
198.918 120508
204.929 117342
208.545 114321
212.476 111464
216.084 108711
219.505 106101
222.974 103602
226.397 101178
229.809 98853.4
233.267 96614
236.759 94444.9
240.203 92378
244.094 90397.7
248.069 88486.2
252.764 86631.6
257.619 84852.6
262.086 83134.8
266.452 81473.9
270.496 79858.5
275.472 78311.3
280.594 76791.2
287.268 75336.9
293.946 73936
300.137 72566.2
305.694 71242.6
311.27 69957.2
317.423 68724.3
323.735 67516.6
329.93 66348.9
335.755 65210.1
338.961 64099.7
342.002 63029.3
345.49 61992.7
350.432 60980
355.775 60002.2
361.966 59039.6
368.084 58105.7
374.236 57194.5
378.342 56319
382.713 55461
386.933 54617.7
391.094 53796.9
395.066 53002.9
401.171 52223.6
406.215 51463.1
413.359 50722.7
420.626 49998.3
426.322 49293.4
431.825 48606.3
437.269 47942.1
442.806 47287
448.339 46651
453.778 46028.7
459.205 45426
464.921 44830.8
470.982 44248.2
476.806 43672.3
481.148 43110.8
486.927 42562.1
492.969 42022.3
497.723 41499
502.21 40986.2
507.778 40483.8
513.27 39994.6
518.735 39510.6
524.261 39036.8
529.778 38573.9
535.4 38119.4
541.049 37678.9
547.167 37246
553.686 36821.8
558.802 36403.4
562.243 35992.4
565.913 35590.2
570.233 35192.5
576.126 34805.5
582.121 34427.8
588.151 34057.1
593.306 33688.9
597.818 33329.2
602.324 32977.5
607.06 32629.4
611.909 32290.4
616.966 31959.9
620.591 31631.4
624.06 31312.6
627.455 30998.2
630.725 30688.1
633.949 30383.1
638.516 30083.3
642.985 29788.4
647.486 29497.5
652.638 29211.9
657.267 28931.6
661.814 28653.1
665.157 28380.1
668.486 28111
671.747 27847
674.977 27587.7
678.221 27331.9
682.776 27082.9
687.283 26837.8
691.776 26594.7
696.217 26355
700.705 26121.3
705.236 25887.4
708.425 25659.4
711.603 25434.8
714.251 25211.5
716.815 24990.3
719.364 24773.2
722.984 24559
726.96 24349.2
731.25 24142.4
737.363 23937.9
740.135 23736.3
742.877 23538.8
745.814 23342.8
748.72 23150.1
752.973 22960
757.231 22772.9
761.504 22588
765.795 22406.5
769.818 22227.8
773.16 22050.8
776.422 21875.8
778.75 21703.5
782.079 21533.9
784.711 21366.8
788.118 21201.7
791.775 21036.8
796.05 20875.3
800.384 20715.5
804.644 20557.6
808.965 20401.9
813.027 20249.8
815.691 20098.8
818.295 19948.9
821.138 19802.1
824.68 19656.7
829.253 19512.9
833.772 19371.2
838.304 19231.4
842.836 19092.6
847.428 18954.8
851.988 18817.6
856.54 18683.7
861.266 18552.3
865.774 18422.2
870.249 18293.9
874.705 18167
879.224 18040.8
883.275 17915.4
889.14 17792
894.592 17669.8
899.637 17548.8
905.727 17429.6
911.552 17311.5
915.879 17194.1
920.213 17080.3
924.387 16968.8
928.525 16856.6
932.192 16746
935.764 16636.8
939.5 16528.2
943.245 16421.7
947.06 16315.7
949.551 16210.5
951.889 16106.4
954.24 16003.9
956.575 15903
959.193 15804.3
961.989 15706.2
964.733 15608
967.41 15511.6
970.164 15415.7
972.885 15320.4
976.784 15226.5
980.191 15133.7
983.258 15042
989.707 14950.6
996.748 14861.4
1004.62 14772.4
1012.28 14684.1
1019.05 14597.4
1025.5 14512.4
1032.15 14428.2
1036.31 14344.3
1039.12 14261
1041.88 14178.3
1044.53 14096.3
1047.3 14015.2
1050.07 13935.1
1052.89 13854.9
1055.69 13775.3
1058.43 13696.9
1061.06 13619.4
1063.84 13542.3
1069.04 13466.4
1074.11 13391.9
1079.19 13318.2
1084.82 13244
1090.04 13170.3
1095.14 13098.2
1100.75 13026.7
1105.92 12955.6
1110.89 12885.5
1115.94 12815.9
1120.59 12747
1126.22 12678.8
1131.96 12610.6
1137.3 12543.1
1142.47 12476.4
1146.3 12410.6
1149.95 12345.4
1153.5 12280.7
1157.13 12216.5
1160.99 12152.6
1166.03 12089.9
1171.24 12028
1176.47 11966.4
1181.69 11905.1
1187.17 11844.5
1194.06 11783.9
1200.86 11723.9
1206.15 11664.8
1210.7 11606.6
1215.68 11549.6
1220.6 11493.2
1225.96 11436.8
1232.47 11380.9
1237.1 11325.3
1241.47 11269.9
1245.75 11216
1249.89 11162
1254.04 11108.2
1258.07 11054.5
1262.03 11001
1265.11 10948.1
1268.41 10896
1271.71 10844.3
1274.88 10792.8
1278.01 10742.3
1281.63 10692
1285.95 10641.1
1290.27 10591.1
1294.65 10541.8
1298.98 10493.3
1303.32 10444.5
1308.64 10396.4
1314.42 10348.5
1320.3 10301.7
1326.81 10255.1
1332.09 10208.5
1337.37 10161.9
1342.62 10115.9
1347.68 10070.3
1352.81 10025.2
1357.95 9980.28
1363.24 9935.28
1369.07 9890.85
1373.79 9847.31
1378.63 9803.94
1384.87 9759.95
1391.31 9716.56
1397.8 9673.63
1404.16 9630.86
1410.03 9588.73
1416.33 9547.62
1421.46 9506.49
1426.69 9465.31
1431.83 9424.21
1436.79 9384.09
1440.95 9344.09
1444.51 9304.15
1448.49 9264.57
1452.74 9225.4
1459.01 9186.22
1463.2 9147.35
1467.48 9108.8
1473.05 9070.64
1476.64 9032.7
1480.32 8995.14
1483.95 8957.72
1487.25 8920.49
1490.6 8883.54
1494.5 8846.56
1498.35 8810.4
1502.14 8774.54
1506.01 8738.92
1509.93 8703.78
1513.77 8668.5
1517.62 8633.16
1521.5 8598.18
1525.34 8563.86
1529.07 8529.79
1532.33 8496.17
1535.66 8462.33
1538.94 8428.56
1543.95 8395.17
1550.69 8361.24
1554 8328.35
1557.35 8295.6
1560.66 8263.69
1563.94 8231.95
1567.23 8199.83
1570.61 8168
1573.91 8136.66
1579.69 8105.37
1585.32 8074.42
1591.38 8043.79
1597.5 8013.38
1603.8 7982.9
1609.62 7952.88
1615.15 7923.01
1620.76 7893.05
1626.92 7863.17
1632.68 7833.89
1638.78 7804.57
1643.95 7775.51
1648.93 7746.78
1654.05 7717.91
1658.91 7689.13
1663.74 7660.65
1670.6 7632.44
1675.83 7604.29
1681.14 7576.5
1686.44 7548.87
1691.57 7521.38
1696.86 7493.64
1702.13 7466.01
1707.1 7438.63
1712.07 7411.81
1717.04 7384.88
1722.01 7358.12
1727.02 7331.57
1731.83 7304.78
1736.81 7278.48
1741.82 7252.54
1747.89 7226.56
1755.14 7200.8
1762.37 7175.63
1768.1 7150.41
1772.9 7125.52
1776.35 7100.76
1779.88 7075.91
1783.37 7051.12
1786.47 7026.43
1789.14 7001.78
1791.78 6977.28
1794.37 6953.08
1796.94 6929.24
1800.4 6905.16
1804.92 6881.46
1809.46 6857.88
1813.95 6834.32
1818.4 6810.98
1822.88 6787.64
1827.05 6764.39
1832.82 6741.56
1838.46 6718.77
1843.59 6695.96
1848.91 6673.47
1855.19 6651.23
1861.41 6629.04
1867.69 6606.74
1873.94 6584.68
1880.18 6562.85
1886.41 6541.32
1892.6 6519.57
1898.86 6498.32
1905.16 6477.26
1911.43 6456.41
1917.75 6435.63
1922.93 6414.84
1927.8 6394.3
1933.93 6373.84
1940.1 6353.29
1946.64 6332.99
1953.37 6312.77
1959.71 6292.88
1966.37 6272.93
1971.39 6253.17
1978.06 6233.47
1981.94 6213.69
1985.79 6194.03
1990.15 6174.25
1994.75 6154.73
2001.52 6135.39
2006.9 6116
2012.31 6096.91
2017.82 6077.77
2024.91 6058.79
2029.97 6040.02
2035.49 6021.42
2040.42 6002.68
2045.88 5984.21
2050.12 5965.75
2054.59 5947.3
2059.14 5929.07
2063.59 5910.9
2066.56 5892.98
2069.44 5875.03
2072.21 5857.09
2074.97 5839.18
2077.78 5821.53
2080.42 5803.94
2083.19 5786.7
2086.29 5769.33
2089.47 5751.93
2092.88 5734.62
2096.77 5717.3
2100.8 5700.19
2106.4 5683.26
2112.3 5666.52
2117.61 5649.85
2123.2 5633.24
2127.95 5616.48
2132.5 5600.01
2135.99 5583.62
2139.45 5567.48
2142.93 5551.3
2146.36 5535.22
2150.16 5518.87
2154.54 5502.57
2158.6 5486.45
2162.66 5470.51
2166.57 5454.7
2169.87 5438.91
2175.13 5423.24
2179.76 5407.72
2186.95 5391.88
2194.18 5376.46
2201.38 5360.99
2208.09 5345.8
2215.19 5330.73
2222.63 5315.75
2227.28 5300.8
2230.81 5285.95
2234.33 5271.08
2237.58 5256.33
2241.1 5241.93
2247.28 5227.26
2252.27 5212.8
2257.47 5198.46
2262.63 5184.07
2267.73 5169.84
2270.8 5155.7
2274.65 5141.51
2278.3 5127.5
2281.81 5113.38
2285.47 5099.23
2289.13 5085.21
2296.11 5071.17
2301.84 5057.31
2307.4 5043.67
2312.04 5030.1
2316.56 5016.49
2319.75 5002.98
2322.47 4989.58
2326.31 4976.24
2333.48 4962.89
2341.39 4949.54
2346.59 4935.92
2351.77 4922.41
2356.91 4909.11
2362.12 4895.87
2367.09 4882.67
2372.14 4869.47
2377.19 4856.58
2382.17 4843.77
2387.14 4831.11
2391.94 4818.33
2398.99 4805.7
2406.14 4793.09
2413.33 4780.52
2420.45 4768.1
2427.71 4755.73
2434.91 4743.37
2441.84 4731.22
2448.94 4718.91
2456.04 4706.61
2463.03 4694.37
2469.55 4682.31
2475.57 4670.44
2480.46 4658.57
2485.37 4646.77
2491.29 4634.89
2496.99 4623.17
2502.7 4611.49
2508.7 4599.84
2514.74 4588.27
2519.5 4576.67
2522.77 4565.18
2526.11 4553.7
2529.58 4542.27
2533.09 4530.93
2536.67 4519.65
2541.54 4508.48
2547.95 4497.15
2554.45 4485.99
2560.89 4474.96
2566.78 4463.97
2570.68 4452.88
2573.46 4441.92
2576.27 4430.98
2579.08 4420.03
2581.86 4409.18
2584.69 4398.27
2587.5 4387.47
2590.24 4376.67
2593.66 4365.86
2598.32 4355.05
2603.09 4344.44
2607.77 4333.89
2612.39 4323.4
2617 4312.84
2621.59 4302.18
2626.3 4291.63
2629.45 4281.31
2632.68 4271.02
2635.81 4260.7
2638.9 4250.45
2642.04 4240.23
2646.84 4230.16
2652.72 4220.12
2657.86 4210.27
2662.82 4200.38
2669.2 4190.6
2676.17 4180.83
2680.14 4170.95
2682.88 4161.17
2685.54 4151.24
2688.2 4141.54
2690.84 4131.81
2693.52 4122.12
2696.26 4112.41
2698.94 4102.69
2701.25 4093.14
2703.56 4083.56
2705.83 4074.09
2708.1 4064.68
2712.41 4055.29
2716.58 4045.96
2720.78 4036.54
2725.14 4027.21
2729.51 4017.89
2733.87 4008.67
2737.96 3999.58
2741.85 3990.34
2745.77 3981.16
2749.95 3972.02
2754.3 3962.84
2758.61 3953.79
2762.93 3944.98
2767.64 3936.15
2771 3927.24
2774.43 3918.36
2777.88 3909.59
2781.43 3900.89
2784.68 3892.07
2787.9 3883.32
2791.12 3874.63
2794.33 3865.97
2797.33 3857.39
2800.55 3848.81
2803.77 3840.4
2807.01 3831.9
2810.24 3823.44
2813.66 3814.95
2817.16 3806.48
2820.86 3798.1
2824.38 3789.88
2827.73 3781.6
2831.08 3773.31
2834.44 3765.1
2837.79 3757.01
2841.15 3748.98
2844.5 3740.84
2847.87 3732.85
2851.21 3724.81
2854.51 3716.8
2857.78 3708.75
2860.92 3700.73
2863.24 3692.77
2865.51 3684.94
2867.77 3677.09
2870.98 3669.24
2873.79 3661.41
2876.13 3653.65
2878.46 3645.86
2880.79 3638.04
2883.14 3630.23
2885.46 3622.58
2887.79 3614.89
2890.13 3607.1
2892.47 3599.61
2894.79 3592.13
2897.12 3584.69
2899.46 3577.31
2901.79 3569.84
2904.12 3562.36
2906.45 3554.93
2908.79 3547.66
2911.11 3540.5
2913.46 3533.28
2915.8 3526.06
2918.13 3518.83
2920.49 3511.62
2923.21 3504.43
2925.88 3497.16
2928.59 3490.03
2931.14 3482.88
2933.7 3475.71
2936.05 3468.61
2938.38 3461.44
2940.71 3454.35
2944.19 3447.31
2947.71 3440.26
2951.43 3433.15
2954.96 3426.19
2958.48 3419.32
2962 3412.45
2966.11 3405.53
2970.3 3398.66
2975.06 3391.91
2979.82 3385.09
2983.16 3378.35
2986.66 3371.59
2992.4 3364.92
2998.34 3358.32
3003.87 3351.73
3007.74 3345.05
3014.37 3338.36
3018.26 3331.84
3022.34 3325.22
3026.15 3318.67
3029.79 3312.06
3033.42 3305.49
3037.22 3299.01
3040.9 3292.57
3045.65 3286.16
3050.46 3279.73
3055.28 3273.29
3061.13 3266.87
3066.59 3260.43
3071.8 3254.06
3077.02 3247.66
3082.35 3241.26
3086.05 3235.05
3089.1 3228.92
3093.39 3222.69
3097.67 3216.49
3102.01 3210.24
3106.83 3203.97
3111.61 3197.75
3116.41 3191.66
3121.17 3185.51
3125.99 3179.38
3130.79 3173.32
3135.56 3167.26
3140.34 3161.25
3145.09 3155.26
3149.79 3149.38
3153.69 3143.54
3156.17 3137.61
3158.63 3131.68
3161.12 3125.75
3163.97 3119.86
3167.42 3113.92
3170.84 3108.11
3174.32 3102.25
3177.75 3096.3
3182.54 3090.53
3187.46 3084.73
3190.45 3079
3193.62 3073.18
3196.84 3067.36
3200.94 3061.65
3205.61 3055.86
3211.09 3050.18
3215.96 3044.5
3220.83 3038.83
3225.7 3033.3
3230.57 3027.8
3234.61 3022.24
3238.56 3016.78
3242.49 3011.31
3246.42 3005.82
3250.43 3000.3
3254.45 2994.76
3262.6 2989.3
3270.5 2983.9
3278.39 2978.52
3286.74 2973.08
3295.08 2967.72
3303.46 2962.36
3311.89 2956.98
3317.63 2951.67
3324.88 2946.44
3332.16 2941.3
3340.54 2936.06
3345.34 2930.81
3348.04 2925.64
3350.76 2920.49
3353.42 2915.36
3356.85 2910.12
3360.28 2904.87
3363.67 2899.69
3367.1 2894.53
3370.6 2889.36
3374.09 2884.17
3377.59 2879.03
3381.08 2874.04
3383.72 2869.05
3386.4 2864.04
3389.09 2859.03
3391.75 2853.96
3394.4 2848.95
3396.83 2843.96
3399.16 2839.05
3401.52 2834.09
3403.85 2829.17
3406.19 2824.24
3408.54 2819.33
3410.88 2814.54
3413.22 2809.77
3415.58 2804.92
3417.92 2800.12
3420.26 2795.34
3422.61 2790.49
3424.94 2785.72
3429.82 2780.9
3434.7 2776.13
3439.54 2771.36
3444.13 2766.64
3448.85 2761.95
3453.54 2757.24
3459.34 2752.49
3465.71 2747.8
3472.43 2743.14
3477.24 2738.57
3482.07 2733.93
3486.9 2729.29
3491.72 2724.77
3496.05 2720.25
3499.88 2715.71
3504.14 2711.09
3508.46 2706.51
3512.84 2701.93
3519.18 2697.28
3525.52 2692.77
3531.87 2688.24
3538.21 2683.75
3542.33 2679.23
3546.59 2674.68
3550.75 2670.17
3554.85 2665.66
3558.83 2661.16
3562.99 2656.67
3567.78 2652.19
3572.61 2647.74
3577.44 2643.29
3582.28 2638.87
3587.08 2634.55
3592.22 2630.19
3597.39 2625.89
3602.54 2621.56
3607.67 2617.25
3612.81 2612.99
3617.96 2608.76
3622.85 2604.51
3627.02 2600.24
3631.13 2596.11
3635.34 2591.93
3639.59 2587.76
3643.86 2583.59
3648 2579.43
3653.27 2575.2
3658.5 2570.97
3663.76 2566.82
3668.87 2562.64
3673.97 2558.5
3679.07 2554.45
3684.17 2550.33
3689.17 2546.27
3695.48 2542.18
3699.66 2538.11
3703.9 2533.97
3709.76 2529.91
3712.85 2525.86
3715.16 2521.82
3717.49 2517.84
3720.59 2513.89
3723.87 2509.91
3727.15 2505.89
3730.42 2501.88
3735.27 2497.88
3739.96 2493.9
3744.73 2489.92
3749.57 2485.98
3755.27 2482.08
3759.39 2478.15
3764.83 2474.22
3768.96 2470.35
3771.63 2466.51
3774.44 2462.62
3779.75 2458.79
3785.67 2454.94
3791.93 2451.06
3796.97 2447.25
3801.63 2443.47
3806.25 2439.68
3810.68 2435.86
3814.75 2432.09
3819.07 2428.36
3823.77 2424.62
3828.7 2420.84
3833.77 2417.14
3838.34 2413.45
3842.04 2409.73
3845.47 2406.08
3848.96 2402.44
3852.5 2398.75
3856.01 2395
3859.67 2391.27
3863.09 2387.62
3867.54 2383.93
3872.07 2380.25
3876.8 2376.53
3880.31 2372.89
3883.84 2369.27
3887.33 2365.63
3890.64 2361.97
3895.47 2358.33
3900.85 2354.69
3906.23 2351.15
3911.18 2347.6
3916.19 2344
3920.72 2340.43
3924.56 2336.87
3928.38 2333.29
3932.19 2329.73
3936.83 2326.25
3941.77 2322.81
3946.71 2319.33
3951.65 2315.85
3956.61 2312.4
3960.13 2308.96
3963.43 2305.51
3965.74 2302.09
3968.03 2298.72
3970.33 2295.38
3972.63 2291.96
3974.93 2288.57
3977.25 2285.15
3979.58 2281.76
3981.91 2278.38
3984.24 2275.06
3986.58 2271.69
3989.28 2268.37
3993.75 2265.08
3998.24 2261.88
4002.72 2258.59
4006.81 2255.29
4010.73 2252.06
4013.95 2248.81
4016.89 2245.55
4020.14 2242.27
4023.39 2239.07
4026.61 2235.82
4029.84 2232.6
4033.07 2229.35
4036.29 2226.09
4039.53 2222.88
4042.86 2219.72
4046.41 2216.58
4049.85 2213.43
4052.92 2210.14
4055.46 2207.01
4058.02 2203.8
4060.34 2200.64
4062.66 2197.51
4064.97 2194.35
4067.48 2191.28
4070.26 2188.15
4073.82 2185.04
4077.35 2181.92
4081.31 2178.87
4084.95 2175.8
4088.58 2172.7
4092.2 2169.59
4094.59 2166.53
4096.91 2163.54
4100.75 2160.47
4105.63 2157.47
4110.47 2154.42
4115.81 2151.37
4122.5 2148.28
4125.06 2145.24
4128.47 2142.26
4132.59 2139.3
4139.06 2136.38
4145.71 2133.48
4151.83 2130.53
4155.64 2127.54
4159.27 2124.56
4163.1 2121.63
4166.89 2118.65
4170.15 2115.7
4172.77 2112.8
4178.81 2109.94
4183.82 2106.98
4189.22 2104.05
4194.86 2101.12
4200.84 2098.18
4206.63 2095.25
4211.37 2092.33
4215.38 2089.4
4218.79 2086.5
4222.14 2083.63
4228.2 2080.81
4234.55 2077.96
4240.91 2075.13
4245.27 2072.33
4248.37 2069.5
4251.37 2066.72
4254.84 2063.92
4258.48 2061.14
4262.12 2058.35
4265.31 2055.57
4269.4 2052.75
4274.07 2049.93
4278.73 2047.14
4283.36 2044.4
4288.04 2041.68
4293.34 2038.94
4296.71 2036.21
4300.09 2033.48
4303.56 2030.74
4306.93 2028.04
4309.28 2025.33
4311.91 2022.66
4315.31 2019.94
4318.7 2017.24
4322.08 2014.48
4325.46 2011.83
4328.85 2009.15
4332.25 2006.47
4335.64 2003.85
4339.03 2001.16
4343.8 1998.47
4346.73 1995.8
4349.25 1993.1
4353.45 1990.44
4358.48 1987.79
4364.12 1985.17
4369.79 1982.55
4373.29 1979.93
4376.78 1977.28
4380.27 1974.68
4383.77 1972.09
4386.38 1969.53
4389.04 1966.94
4391.59 1964.33
4394.1 1961.73
4396.58 1959.13
4399.05 1956.59
4402.59 1954.04
4406.11 1951.48
4409.61 1948.95
4413.13 1946.39
4416.63 1943.87
4420.14 1941.37
4423.49 1938.87
4426.02 1936.43
4428.55 1933.99
4431.19 1931.49
4433.72 1929.01
4436.24 1926.56
4439.35 1924.11
4442.75 1921.64
4446.13 1919.16
4449.54 1916.69
4452.91 1914.26
4456.67 1911.8
4460.56 1909.35
4464.41 1906.93
4466.71 1904.53
4469.08 1902.12
4474.09 1899.75
4479.13 1897.36
4482.15 1894.94
4485.5 1892.55
4492.58 1890.15
4499.6 1887.78
4506.57 1885.43
4512.61 1883.06
4519.2 1880.68
4523.51 1878.29
4527.84 1875.93
4531.99 1873.59
4536.17 1871.22
4540.39 1868.86
4544.62 1866.51
4548.82 1864.17
4553.02 1861.86
4556.01 1859.55
4558.97 1857.26
4561.94 1854.91
4565.45 1852.56
4569.26 1850.26
4573.56 1847.99
4578.27 1845.68
4582.75 1843.43
4587.4 1841.17
4591.9 1838.86
4596.4 1836.57
4600.91 1834.29
4605.49 1832.08
4608.98 1829.87
4612.3 1827.65
4615.44 1825.39
4618.87 1823.15
4622.13 1820.91
4626.2 1818.69
4630.32 1816.49
4634.46 1814.26
4638.56 1812.02
4642.69 1809.76
4646.44 1807.58
4649.36 1805.41
4651.96 1803.22
4655.27 1801.06
4658.77 1798.88
4662 1796.69
4664.34 1794.52
4666.67 1792.31
4669 1790.13
4671.37 1787.93
4673.71 1785.73
4676.04 1783.57
4678.37 1781.4
4680.7 1779.24
4683.1 1777.09
4685.43 1774.99
4687.75 1772.85
4690.08 1770.69
4692.4 1768.56
4694.73 1766.41
4697.5 1764.29
4700.5 1762.18
4703.52 1760.05
4706.51 1757.91
4709.54 1755.78
4712.32 1753.65
4714.64 1751.58
4716.97 1749.52
4719.29 1747.45
4721.62 1745.37
4723.99 1743.33
4726.34 1741.29
4729.54 1739.22
4732.59 1737.15
4735.65 1735.08
4738.73 1733.02
4742.99 1730.96
4748.17 1728.88
4753.34 1726.83
4755.82 1724.79
4758.14 1722.77
4760.54 1720.78
4762.85 1718.76
4765.18 1716.74
4767.89 1714.75
4770.62 1712.73
4773 1710.72
4775.32 1708.68
4777.65 1706.64
4779.96 1704.62
4782.28 1702.63
4784.58 1700.65
4788.03 1698.66
4791.46 1696.7
4794.9 1694.78
4799.73 1692.84
4804.75 1690.88
4810.01 1688.95
4815.28 1687.03
4820.64 1685.1
4826.91 1683.17
4833.4 1681.22
4840 1679.29
4844.99 1677.37
4847.68 1675.45
4850.3 1673.5
4852.97 1671.57
4855.7 1669.63
4858.35 1667.69
4861.05 1665.8
4865.21 1663.9
4869.53 1661.99
4872.27 1660.1
4874.88 1658.17
4877.55 1656.26
4880.16 1654.39
4882.79 1652.53
4885.55 1650.65
4888.2 1648.75
4890.82 1646.85
4893.48 1644.97
4896.11 1643.13
4901.71 1641.27
4907.28 1639.44
4912.85 1637.61
4918.62 1635.79
4925.51 1633.96
4932.37 1632.16
4939.1 1630.37
4945.53 1628.56
4951.88 1626.75
4958.18 1624.94
4964.57 1623.12
4970.93 1621.33
4976.62 1619.52
4982.1 1617.78
4985.47 1616.05
4988.09 1614.31
4990.4 1612.53
4992.72 1610.74
4995.05 1608.95
4997.39 1607.18
5000.1 1605.41
5002.82 1603.66
5006.66 1601.93
5010.48 1600.17
5014.3 1598.39
5018.07 1596.64
5021.89 1594.91
5028.05 1593.2
5032.76 1591.5
5036.81 1589.78
5040.91 1588.04
5045.02 1586.27
5048.7 1584.52
5051.38 1582.83
5054.01 1581.12
5056.69 1579.37
5059.34 1577.64
5062.04 1575.94
5064.72 1574.25
5067.42 1572.57
5070.05 1570.89
5072.72 1569.19
5075.42 1567.51
5078.11 1565.84
5082.02 1564.19
5085.85 1562.52
5092.51 1560.83
5098.62 1559.15
5105.17 1557.47
5111.63 1555.78
5119.1 1554.11
5125.57 1552.44
5132.01 1550.79
5136.49 1549.15
5139.85 1547.48
5142.85 1545.85
5145.87 1544.2
5148.88 1542.55
5151.58 1540.9
5155.11 1539.25
5158.53 1537.58
5162.76 1535.93
5168.28 1534.31
5173.78 1532.66
5179.31 1531.06
5183.92 1529.4
5187.62 1527.79
5191.42 1526.2
5195.28 1524.59
5199.06 1522.96
5204.53 1521.37
5211.29 1519.81
5216.69 1518.23
5222.04 1516.63
5227.43 1515.01
5231.9 1513.41
5235.63 1511.83
5239.46 1510.27
5243.86 1508.71
5248.59 1507.14
5256.64 1505.59
5262.93 1504.03
5270.21 1502.47
5277.51 1500.9
5284.8 1499.35
5292.16 1497.78
5299.4 1496.2
5304.24 1494.62
5308.64 1493.05
5312.16 1491.49
5315.94 1489.92
5320.11 1488.35
5326.64 1486.81
5331.71 1485.29
5336.85 1483.73
5342.01 1482.21
5347.17 1480.69
5352.28 1479.15
5357.92 1477.61
5364.02 1476.1
5369.78 1474.59
5375.54 1473.05
5382.6 1471.52
5389.49 1470.02
5395.83 1468.51
5402.18 1466.98
5408.45 1465.47
5411.92 1463.96
5415.28 1462.45
5418.63 1460.94
5422.14 1459.46
5427.97 1457.98
5433.89 1456.52
5437.04 1455.02
5440.18 1453.53
5443.68 1452.04
5449.35 1450.59
5454.48 1449.11
5462.42 1447.61
5466.97 1446.15
5470.31 1444.68
5474.6 1443.23
5478.99 1441.78
5483.85 1440.33
5488.7 1438.87
5495.12 1437.44
5499 1436.01
5502.94 1434.57
5506.93 1433.13
5510.71 1431.69
5514.48 1430.26
5517.9 1428.84
5522.09 1427.4
5526.26 1425.98
5530.3 1424.55
5534.48 1423.13
5538.62 1421.74
5542.39 1420.33
5546.49 1418.93
5550.53 1417.55
5554.49 1416.15
5558.47 1414.73
5562.29 1413.32
5566.05 1411.89
5570.08 1410.47
5574.59 1409.08
5579.21 1407.72
5583.96 1406.36
5588.77 1404.96
5593.53 1403.57
5600.53 1402.17
5606.77 1400.78
5612.88 1399.41
5618.28 1398.07
5623.21 1396.72
5628.06 1395.36
5632.91 1393.99
5637.82 1392.63
5642.66 1391.28
5647.09 1389.94
5651.51 1388.6
5656.11 1387.26
5660.69 1385.93
5665.5 1384.61
5670.37 1383.3
5675.62 1381.98
5682.16 1380.67
5688.72 1379.34
5694.36 1377.99
5699.2 1376.63
5703.98 1375.27
5708.68 1373.91
5713.52 1372.57
5717.87 1371.24
5722.12 1369.9
5726.52 1368.59
5730.62 1367.27
5737.92 1365.95
5745.56 1364.65
5753.23 1363.35
5759.06 1362.07
5763.82 1360.79
5768.53 1359.46
5773.25 1358.16
5777.83 1356.88
5782.37 1355.57
5787.08 1354.28
5791.92 1353
5797.73 1351.7
5803.04 1350.44
5808.33 1349.17
5813.64 1347.89
5818.94 1346.65
5824.24 1345.37
5829.36 1344.08
5834.65 1342.83
5839.96 1341.58
5845.26 1340.33
5850.4 1339.07
5856.09 1337.81
5861.8 1336.57
5866.08 1335.32
5870.2 1334.06
5874.49 1332.81
5878.6 1331.56
5882.67 1330.31
5886.82 1329.05
5890.83 1327.81
5895.04 1326.54
5898.85 1325.27
5901.6 1324.01
5904.36 1322.75
5907.06 1321.51
5909.82 1320.25
5912.61 1319.01
5915.43 1317.77
5921.64 1316.55
5926.5 1315.29
5931.49 1314.05
5937.14 1312.85
5943.3 1311.64
5949.52 1310.43
5955.05 1309.21
5958.52 1308
5961.94 1306.82
5965.37 1305.62
5968.19 1304.44
5970.89 1303.25
5973.2 1302.05
5975.52 1300.85
5978.36 1299.65
5983.39 1298.42
5989.5 1297.22
5995.68 1296.03
6000.91 1294.85
6006.12 1293.66
6011.22 1292.5
6017.53 1291.33
6023.93 1290.17
6030.34 1289.01
6036.2 1287.84
6041.76 1286.69
6047.08 1285.55
6052.67 1284.38
6058.29 1283.22
6064.27 1282.06
6068.38 1280.94
6072.5 1279.79
6078.82 1278.6
6084.73 1277.45
6090.31 1276.3
6095.85 1275.15
6099.79 1274
6103.8 1272.89
6107.97 1271.74
6113.01 1270.58
6119.48 1269.44
6125.91 1268.26
6132.39 1267.13
6138.86 1265.97
6145.35 1264.84
6151.76 1263.71
6158.19 1262.57
6164.46 1261.46
6170.89 1260.35
6175.32 1259.21
6179.36 1258.1
6185.49 1256.99
6191.55 1255.89
6196.7 1254.77
6201.84 1253.66
6207 1252.56
6212.34 1251.44
6219.46 1250.35
6225.48 1249.24
6232.15 1248.13
6238.79 1247.03
6245.08 1245.94
6250.17 1244.83
6255.05 1243.73
6260.26 1242.64
6265.15 1241.53
6269.01 1240.46
6274.24 1239.37
6279.55 1238.29
6284.89 1237.24
6290.02 1236.16
6295.3 1235.06
6301.09 1233.98
6305.84 1232.89
6310.65 1231.8
6315.21 1230.72
6319.83 1229.63
6324.67 1228.56
6329.63 1227.46
6336.68 1226.37
6342.5 1225.28
6348.69 1224.22
6354.83 1223.13
6361.12 1222.05
6367.23 1220.99
6372.48 1219.92
6377.36 1218.85
6382.82 1217.8
6388.29 1216.75
6394.47 1215.71
6400.2 1214.67
6405.49 1213.66
6410.42 1212.63
6416.37 1211.61
6422.32 1210.55
6428.02 1209.52
6433.67 1208.48
6439.24 1207.43
6443.37 1206.37
6449.72 1205.33
6455.42 1204.3
6460.23 1203.25
6465.39 1202.22
6471.75 1201.22
6478.28 1200.19
6484.81 1199.15
6489.96 1198.12
6493.18 1197.09
6496.34 1196.05
6499.5 1195.03
6502.94 1194
6506.44 1193
6511.01 1191.99
6515.64 1190.99
6520.29 1189.99
6524.93 1188.96
6529.27 1187.96
6535.46 1186.96
6541.73 1185.96
6546.87 1184.98
6551.76 1183.97
6554.95 1182.98
6559.63 1181.97
6564.8 1180.98
6570.11 1179.99
6575.06 1179
6580.04 1178.01
6585.06 1177.01
6590.02 1175.99
6594.98 1174.99
6599.93 1173.99
6604.89 1173.02
6609.69 1172.04
6614.59 1171.07
6619.55 1170.1
6622.92 1169.12
6626.47 1168.16
6630.2 1167.2
6633.71 1166.25
6637.44 1165.29
6641.18 1164.34
6644.82 1163.39
6648.48 1162.43
6652.44 1161.49
6658.9 1160.54
6666.81 1159.59
6670.32 1158.65
6673.63 1157.67
6677 1156.69
6680.36 1155.74
6683.88 1154.81
6687.99 1153.86
6695.88 1152.91
6703.79 1151.98
6711.7 1151.04
6716.79 1150.11
6720.36 1149.17
6724.09 1148.24
6727.78 1147.29
6731.45 1146.33
6735.07 1145.37
6739.5 1144.41
6745.01 1143.47
6749.89 1142.53
6754.34 1141.6
6758.75 1140.67
6763.95 1139.74
6770.81 1138.79
6777.58 1137.86
6784.14 1136.93
6790.93 1136
6795.9 1135.08
6800.84 1134.16
6806.06 1133.24
6810.89 1132.33
6814.9 1131.39
6818.84 1130.47
6822.78 1129.54
6826.65 1128.65
6829.9 1127.75
6833.08 1126.86
6836.31 1125.97
6839.42 1125.06
6843.98 1124.15
6849.43 1123.24
6855.31 1122.33
6860.57 1121.43
6865.84 1120.53
6870.99 1119.63
6876.25 1118.71
6881.35 1117.83
6886.27 1116.94
6891.78 1116.04
6895.9 1115.16
6900.43 1114.25
6905.77 1113.35
6910.95 1112.47
6916.15 1111.58
6921.35 1110.69
6926.55 1109.79
6931.24 1108.91
6935.73 1108.03
6940.07 1107.16
6946.1 1106.26
6951.65 1105.38
6957.47 1104.49
6963.04 1103.61
6968.85 1102.72
6973.69 1101.83
6977.82 1100.95
6982.11 1100.06
6986.73 1099.2
6991.37 1098.32
6996.04 1097.45
7000.95 1096.58
7006.08 1095.72
7010.44 1094.87
7015.25 1094.02
7020.3 1093.19
7023.48 1092.35
7028.76 1091.51
7034 1090.64
7039.21 1089.77
7044.41 1088.91
7049.7 1088.05
7055.2 1087.21
7060.48 1086.36
7065.86 1085.51
7073.01 1084.67
7079.92 1083.82
7086.59 1082.97
7093.29 1082.13
7098.1 1081.28
7102.3 1080.44
7106.68 1079.61
7111 1078.77
7115.2 1077.91
7119.65 1077.07
7123.81 1076.23
7128.17 1075.41
7132.39 1074.59
7136.6 1073.76
7141.03 1072.93
7145.3 1072.1
7149.66 1071.29
7152.7 1070.48
7155.71 1069.68
7158.79 1068.88
7162 1068.08
7167.41 1067.27
7173.45 1066.47
7178.41 1065.67
7182.97 1064.86
7188.43 1064.06
7191.53 1063.25
7194.53 1062.44
7198.91 1061.64
7204.74 1060.84
7208.46 1060.03
7212.13 1059.22
7215.77 1058.44
7219.13 1057.65
7222.52 1056.86
7227.77 1056.08
7233.06 1055.27
7239.29 1054.49
7243.96 1053.68
7248.67 1052.87
7253.31 1052.09
7258.4 1051.31
7263.69 1050.51
7268.99 1049.71
7274.35 1048.93
7279.16 1048.14
7283.24 1047.36
7286.45 1046.58
7289.58 1045.81
7292.76 1045.03
7295.95 1044.23
7301.05 1043.44
7306.53 1042.66
7312.97 1041.88
7319.33 1041.1
7325.12 1040.31
7329.75 1039.51
7333.76 1038.72
7339.73 1037.94
7343.3 1037.18
7347.41 1036.41
7350.48 1035.64
7354.93 1034.87
7359.19 1034.1
7363.12 1033.31
7368.57 1032.52
7373.16 1031.75
7378.8 1030.97
7383.88 1030.2
7388.77 1029.45
7393.82 1028.69
7398.74 1027.93
7403.62 1027.16
7408.56 1026.41
7412.87 1025.65
7416.26 1024.9
7419.59 1024.15
7422.9 1023.39
7426.26 1022.64
7429.62 1021.9
7433.28 1021.16
7437.98 1020.42
7442.37 1019.66
7446.7 1018.92
7451.05 1018.17
7455.48 1017.41
7460.36 1016.68
7465.05 1015.95
7468.39 1015.19
7471.73 1014.44
7475.2 1013.72
7478.63 1012.96
7481.96 1012.19
7485.89 1011.45
7491.46 1010.71
7498 1009.99
7504.9 1009.25
7509.69 1008.49
7513.62 1007.74
7517.5 1006.99
7523.01 1006.25
7527.87 1005.53
7533.28 1004.79
7538.11 1004.07
7542.87 1003.35
7547.68 1002.62
7552.61 1001.91
7557.36 1001.2
7562.86 1000.48
7567.36 999.753
7570.94 999.025
7574.02 998.305
7576.74 997.583
7579.13 996.857
7581.56 996.126
7583.95 995.4
7586.37 994.693
7588.74 993.983
7591.11 993.265
7593.62 992.552
7597.64 991.825
7602.71 991.096
7607.86 990.362
7612.62 989.648
7617.44 988.941
7622.5 988.221
7627.54 987.504
7632.74 986.798
7637.58 986.09
7642.41 985.376
7647.34 984.679
7653.7 983.996
7659.62 983.293
7665.55 982.584
7671.44 981.893
7676.68 981.194
7681.43 980.494
7686.12 979.794
7690.66 979.088
7695.76 978.396
7700.79 977.696
7705.8 977.009
7710.81 976.312
7717.28 975.624
7723.63 974.925
7730.42 974.233
7735.69 973.553
7738.94 972.859
7742.17 972.187
7745.41 971.504
7748.6 970.814
7751.89 970.131
7756.02 969.464
7762.29 968.786
7768.62 968.107
7775 967.425
7781.21 966.744
7784.89 966.065
7788.24 965.393
7791.62 964.713
7794.97 964.046
7799.7 963.359
7802.76 962.664
7805.87 961.983
7809.01 961.317
7812.12 960.66
7814.89 959.982
7818.65 959.323
7822.13 958.663
7825.61 957.992
7828.95 957.324
7832.4 956.671
7836.51 955.993
7840.59 955.313
7844.65 954.662
7848.69 954.009
7852.76 953.364
7856.87 952.715
7861.44 952.069
7866.24 951.417
7870.99 950.768
7874.84 950.123
7878.65 949.473
7882.47 948.831
7886.33 948.194
7890.96 947.566
7895.44 946.931
7901.06 946.277
7906.65 945.628
7912.26 944.99
7917.52 944.35
7922.53 943.711
7926.27 943.075
7929.54 942.437
7932.81 941.799
7936.09 941.159
7939.63 940.535
7943.07 939.917
7946.71 939.285
7950.23 938.656
7953.66 938.02
7957.11 937.379
7960.55 936.748
7964.1 936.106
7968.91 935.471
7973.66 934.832
7978.31 934.189
7982.89 933.552
7987.47 932.943
7992.06 932.314
7996.64 931.694
8001.39 931.069
8006.22 930.433
8011.13 929.795
8016.01 929.173
8019.99 928.559
8024.07 927.941
8028.13 927.314
8032.19 926.692
8036.25 926.076
8040.08 925.462
8044.17 924.853
8048.59 924.231
8051.79 923.608
8054.3 922.97
8060.1 922.346
8065.9 921.721
8071.7 921.103
8075.56 920.486
8079.75 919.886
8084.07 919.292
8088.34 918.699
8091.56 918.116
8094.89 917.515
8098.22 916.927
8101.54 916.324
8104.86 915.725
8108.2 915.132
8112.34 914.528
8117.39 913.923
8121.93 913.32
8126.47 912.715
8130.98 912.124
8134.45 911.527
8137.56 910.926
8140.72 910.315
8143.81 909.71
8146.8 909.114
8149.76 908.518
8152.81 907.925
8156.05 907.336
8159.31 906.734
8162.61 906.122
8165.87 905.512
8169.11 904.9
8173.96 904.298
8178.87 903.71
8182.12 903.117
8185.4 902.525
8188.71 901.932
8192.09 901.335
8195.34 900.738
8198.21 900.16
8201.08 899.576
8204.06 898.986
8207.9 898.397
8212.04 897.819
8215.3 897.246
8220.42 896.664
8224.52 896.086
8228.63 895.525
8232.69 894.958
8236.79 894.394
8241.03 893.815
8246.62 893.224
8251.35 892.632
8256.06 892.044
8259.95 891.466
8263.87 890.89
8267.73 890.316
8271.67 889.743
8275.81 889.191
8280.06 888.622
8284.47 888.043
8287.77 887.472
8291.11 886.907
8297.75 886.336
8304.37 885.778
8311 885.216
8317.21 884.643
8321.39 884.084
8326.04 883.528
8330.42 882.962
8333.94 882.402
8336.97 881.851
8341.21 881.295
8345.48 880.739
8349.75 880.181
8354.51 879.643
8358.58 879.082
8362.66 878.526
8366.69 877.96
8371.48 877.406
8376.06 876.871
8380.83 876.341
8385.61 875.784
8390.8 875.226
8395.91 874.667
8401.15 874.114
8407.26 873.567
8412.82 873.011
8416.92 872.458
8420.74 871.909
8424.6 871.359
8428.34 870.797
8431.96 870.241
8437.39 869.695
8442.78 869.139
8448.22 868.592
8453.72 868.05
8461.27 867.509
8467.58 866.963
8473.44 866.427
8479.34 865.888
8485.33 865.356
8492.06 864.826
8498.09 864.287
8501.32 863.738
8504.71 863.21
8508.12 862.674
8511.62 862.133
8514.99 861.597
8518.39 861.063
8521.79 860.528
8525.24 859.974
8527.61 859.445
8530.01 858.921
8532.47 858.405
8534.78 857.895
8537.1 857.383
8540.55 856.849
8544.01 856.32
8547.47 855.792
8550.95 855.258
8554.47 854.721
8557.95 854.172
8561.23 853.64
8563.56 853.114
8565.89 852.579
8568.22 852.057
8570.55 851.527
8572.88 850.998
8576.07 850.472
8583.86 849.964
8591.69 849.451
8599.72 848.939
8607.25 848.417
8615.05 847.901
8623.62 847.38
8629.8 846.858
8635.23 846.338
8640.44 845.82
8646.99 845.309
8652.73 844.792
8658.79 844.26
8665.96 843.733
8672.35 843.21
8678.45 842.683
8684.95 842.159
8691.14 841.637
8698.47 841.113
8705.83 840.602
8713.12 840.098
8720.53 839.597
8728.05 839.078
8735.6 838.581
8743.14 838.081
8750.78 837.563
8758.38 837.051
8766.03 836.532
8773.66 836.021
8781.03 835.508
8788.53 834.992
8795.7 834.478
8802.46 833.975
8807.97 833.475
8814.39 832.997
8823.21 832.519
8831.2 832.038
8838.54 831.55
8845.38 831.062
8852.72 830.551
8860.04 830.051
8867.46 829.548
8874.79 829.035
8882.12 828.536
8889.52 828.034
8897.08 827.52
8904.5 827.025
8911.88 826.524
8918.96 826.017
8926.03 825.519
8933.15 825.037
8941.02 824.542
8947.25 824.058
8953.1 823.568
8958.88 823.09
8964.9 822.611
8970.47 822.125
8976.78 821.638
8982.28 821.155
8990.29 820.667
8998.69 820.196
9005.53 819.718
9012.33 819.239
9019.26 818.762
9028.54 818.281
9031.46 817.805
9034.28 817.327
9037.3 816.857
9040.25 816.374
9047.16 815.889
9052.57 815.402
9057.89 814.928
9064.52 814.454
9068.49 813.97
9073.39 813.493
9078.86 813.013
9084.14 812.538
9089.4 812.054
9094.5 811.575
9098.94 811.106
9101.73 810.643
9104.51 810.162
9107.25 809.694
9110.69 809.222
9116.96 808.757
9122.21 808.292
9127.3 807.815
9132.44 807.342
9137.64 806.872
9142.86 806.403
9148.05 805.918
9153.23 805.45
9158.36 804.989
9163.62 804.526
9168.9 804.065
9174.22 803.6
9180.06 803.136
9185.35 802.667
9190.88 802.202
9197.88 801.744
9204.85 801.277
9211.5 800.819
9217.3 800.369
9223.69 799.906
9229.8 799.445
9236.82 798.997
9243.55 798.541
9249.64 798.088
9255.46 797.628
9261.25 797.166
9267.02 796.705
9273 796.246
9278.99 795.792
9285.28 795.333
9292.4 794.866
9299.19 794.41
9306.31 793.959
9313.43 793.497
9320.43 793.044
9327.22 792.576
9333.94 792.119
9340.29 791.668
9347.25 791.204
9354.34 790.748
9361.46 790.292
9368.55 789.832
9375.63 789.377
9382.24 788.936
9389 788.484
9395.7 788.034
9401.49 787.6
9405.54 787.156
9408.92 786.704
9412.58 786.265
9416.61 785.818
9420.5 785.387
9424.83 784.938
9428.88 784.483
9433.41 784.034
9437.85 783.598
9442.2 783.159
9446.44 782.727
9449.84 782.289
9453.33 781.855
9456.65 781.427
9459.87 780.981
9462.66 780.54
9465.66 780.093
9471.31 779.648
9479.34 779.204
9486.21 778.76
9493.31 778.326
9500.11 777.889
9506.93 777.443
9513.78 777.002
9520.61 776.565
9527.46 776.116
9534.17 775.682
9540.69 775.256
9547.19 774.828
9553.7 774.395
9559.99 773.964
9566.04 773.527
9571.93 773.094
9577.64 772.664
9582.09 772.241
9587.65 771.827
9592.93 771.405
9598.44 770.994
9604.03 770.579
9609.54 770.154
9614.97 769.728
9619.73 769.3
9623.73 768.867
9627.95 768.436
9632.09 768.006
9636.13 767.577
9640.16 767.146
9644.59 766.715
9650.74 766.269
9656.72 765.842
9662.43 765.41
9668.08 764.976
9674.06 764.555
9678.52 764.14
9684.54 763.723
9690.04 763.316
9695.78 762.903
9700.89 762.487
9705.4 762.074
9709.47 761.658
9713.56 761.241
9717.42 760.831
9724 760.413
9730.8 759.983
9736.99 759.556
9743.79 759.144
9750.25 758.72
9757.07 758.303
9763.88 757.891
9770.66 757.48
9777.46 757.073
9783.97 756.665
9790.76 756.25
9797.35 755.839
9804.12 755.441
9810.87 755.048
9817.58 754.658
9824.32 754.271
9830.52 753.883
9833.29 753.489
9836.1 753.099
9838.76 752.713
9841.41 752.31
9844.15 751.922
9846.8 751.526
9849.45 751.13
9853.3 750.738
9858.08 750.337
9862.09 749.94
9866.11 749.544
9870.58 749.149
9878.34 748.755
9885.85 748.351
9893.6 747.957
9901.15 747.548
9907.37 747.135
9912.69 746.729
9919.01 746.327
9925.14 745.93
9931.03 745.541
9936.63 745.151
9942.24 744.763
9947.97 744.368
9953.75 743.965
9959.21 743.561
9964.7 743.156
9970.16 742.761
9975.83 742.378
9981.29 741.992
9986.87 741.596
9991.99 741.196
9997.27 740.799
10002.7 740.404
10007.7 740.019
10012.7 739.629
10018.9 739.234
10025.5 738.847
10032 738.454
10038.6 738.05
10044.7 737.651
10050.9 737.261
10057.5 736.879
10062.3 736.486
10067.3 736.096
10072.5 735.71
10078.4 735.317
10083.3 734.918
10088.4 734.529
10093.2 734.132
10099.2 733.732
10103.6 733.356
10107.6 732.978
10112.5 732.587
10117.4 732.198
10122.1 731.809
10126.5 731.422
10130.1 731.038
10133.5 730.667
10136.4 730.291
10139.8 729.903
10143.1 729.512
10148.8 729.118
10155.4 728.731
10161.8 728.357
10168.5 727.983
10174.6 727.607
10181.4 727.23
10188.4 726.859
10195 726.488
10201.1 726.105
10207.2 725.721
10214.1 725.346
10220.3 724.962
10227.1 724.58
10233.5 724.21
10240 723.836
10246.5 723.471
10252.9 723.091
10259.3 722.721
10262.9 722.355
10266.4 721.976
10269.9 721.601
10273.4 721.235
10278.7 720.86
10284 720.484
10289.3 720.096
10294.7 719.717
10300 719.342
10304.1 718.974
10307.6 718.598
10311.1 718.225
10314.6 717.855
10318.2 717.486
10321.7 717.112
10325.2 716.741
10328.9 716.367
10332.5 715.991
10336.1 715.621
10339.6 715.243
10344 714.878
10348.3 714.517
10352.2 714.153
10355.9 713.784
10359.6 713.426
10363.4 713.063
10367.1 712.701
10370.8 712.346
10374.7 711.992
10378.7 711.642
10382.8 711.288
10386.6 710.928
10390.5 710.561
10394.5 710.198
10397.4 709.834
10400.2 709.471
10402.9 709.106
10405.9 708.748
10408.6 708.381
10411.3 708.016
10414 707.648
10416.6 707.286
10419.5 706.925
10422.3 706.567
10425 706.203
10427.8 705.844
10430.5 705.489
10433.2 705.139
10436.1 704.784
10439.5 704.432
10444.2 704.085
10451.4 703.729
10459.4 703.374
10467.9 703.03
10476.4 702.68
10484.6 702.322
10492.8 701.979
10500.1 701.636
10507 701.284
10514.1 700.949
10520.3 700.605
10526.4 700.249
10533 699.894
10539.6 699.542
10546.2 699.191
10552.5 698.847
10559 698.498
10565.6 698.15
10572.1 697.808
10578.8 697.464
10585.4 697.125
10592.1 696.78
10598.7 696.432
10605.2 696.078
10611.6 695.733
10617.7 695.392
10623.5 695.045
10629.2 694.691
10634.8 694.345
10641.5 694
10648.4 693.657
10655.3 693.315
10662.2 692.982
10669 692.635
10675.9 692.285
10682.8 691.947
10689.7 691.613
10696.6 691.281
10703.5 690.951
10710.2 690.625
10717 690.281
10723.8 689.94
10730.7 689.605
10737.5 689.264
10744.3 688.916
10750.7 688.579
10754.7 688.248
10761.1 687.917
10767.5 687.591
10774 687.252
10779.2 686.923
10785.6 686.592
10792.1 686.255
10798.9 685.922
10805.9 685.589
10812.9 685.253
10820 684.917
10827 684.579
10834 684.239
10840.9 683.899
10847.6 683.557
10854.3 683.224
10860.2 682.888
10866.8 682.557
10874 682.232
10881.3 681.903
10888.6 681.577
10896 681.247
10903.3 680.916
10910.6 680.583
10917.9 680.259
10925.3 679.927
10931.9 679.601
10937.2 679.262
10942.6 678.929
10948.1 678.609
10953.4 678.279
10958.6 677.954
10963.8 677.625
10968.9 677.295
10974.1 676.97
10979.5 676.63
10985.7 676.307
10991.3 675.987
10997.1 675.657
11003.1 675.321
11009.2 674.993
11015.4 674.676
11021.4 674.359
11027.5 674.035
11033.5 673.715
11038 673.412
11042.5 673.093
11047 672.774
11051.6 672.457
11056.1 672.143
11060.7 671.823
11065.3 671.507
11070 671.186
11074.6 670.874
11079.2 670.561
11083.7 670.25
11088.4 669.929
11093 669.617
11097.6 669.297
11102.3 668.982
11106.9 668.674
11111.5 668.355
11116 668.036
11120.5 667.722
11125 667.4
11129.5 667.074
11134.4 666.751
11140.1 666.43
11146.1 666.11
11152.5 665.788
11158.9 665.469
11166.2 665.149
11172.5 664.834
11178.7 664.523
11184.9 664.21
11191.3 663.892
11197.7 663.578
11204.2 663.261
11210.3 662.955
11216.7 662.648
11223 662.342
11229.3 662.043
11235.6 661.742
11241.4 661.439
11247.9 661.14
11254.4 660.827
11260.9 660.521
11267.3 660.204
11273 659.897
11279.4 659.59
11285.8 659.29
11292.2 658.974
11298.7 658.656
11305.3 658.343
11311.7 658.044
11318.1 657.74
11324.6 657.435
11331.1 657.138
11337.6 656.836
11344.3 656.537
11351 656.243
11357.4 655.945
11364.8 655.648
11371.8 655.352
11378.4 655.06
11385.4 654.76
11392.5 654.453
11399.4 654.142
11406.2 653.836
11413.3 653.535
11420.3 653.235
11427.3 652.941
11434.4 652.645
11441.3 652.361
11448.1 652.061
11454.8 651.757
11461.2 651.459
11467.4 651.165
11473.5 650.859
11479.3 650.55
11487.4 650.254
11495.4 649.954
11503.6 649.652
11511.7 649.345
11519.8 649.045
11527.8 648.748
11535.9 648.456
11543.9 648.159
11551.8 647.86
11559.7 647.564
11567.9 647.269
11576 646.972
11583.6 646.675
11591.2 646.38
11598.9 646.086
11606.5 645.791
11614.1 645.487
11621.5 645.185
11629 644.881
11636.4 644.581
11643.9 644.285
11651.3 643.987
11658.5 643.687
11665.8 643.397
11672.9 643.104
11680.2 642.811
11687.7 642.519
11695.2 642.224
11702.7 641.931
11710.1 641.643
11717.5 641.365
11725 641.077
11732.4 640.791
11739.9 640.497
11747.3 640.205
11754.7 639.908
11762 639.618
11769.3 639.33
11775.8 639.043
11782.4 638.764
11788.9 638.473
11795.5 638.186
11802.4 637.912
11809.4 637.631
11816.4 637.348
11823.4 637.063
11830.5 636.776
11837.8 636.484
11845 636.196
11852.3 635.917
11859.6 635.637
11866.9 635.352
11874.2 635.061
11881.4 634.781
11888.7 634.506
11896 634.228
11903.4 633.96
11910.9 633.69
11918.3 633.42
11925.8 633.15
11932.4 632.87
11939.6 632.594
11946.7 632.321
11953.8 632.051
11961 631.771
11968.1 631.487
11975.2 631.205
11981.9 630.926
11988.8 630.646
11995.6 630.365
12002.3 630.087
12009.1 629.807
12015.5 629.533
12022.8 629.258
12029.8 628.988
12036.7 628.715
12043.7 628.441
12050.7 628.161
12057.9 627.874
12064.8 627.593
12071.9 627.314
12079.1 627.043
12086.3 626.767
12093.5 626.487
12100.7 626.206
12107.3 625.936
12114.2 625.659
12120.8 625.376
12127.1 625.096
12133.3 624.817
12139.5 624.538
12145.6 624.266
12153.1 623.994
12160.1 623.718
12167.2 623.449
12175.7 623.173
12184 622.905
12189.3 622.627
12195.2 622.354
12202.5 622.084
12209.1 621.814
12215.4 621.548
12221.5 621.284
12227.5 621.012
12233.5 620.741
12239.6 620.468
12246.2 620.202
12253.4 619.935
12260.6 619.659
12266.2 619.381
12271.4 619.109
12276.6 618.84
12282 618.571
12287.3 618.306
12293.1 618.04
12298.3 617.774
12303.4 617.507
12308.5 617.24
12313.6 616.98
12318.5 616.725
12323.3 616.466
12328.1 616.208
12332.8 615.947
12338.6 615.684
12343.9 615.42
12349.2 615.158
12355.8 614.899
12362.8 614.638
12369.7 614.376
12376.6 614.12
12383.6 613.858
12390.4 613.591
12397.5 613.326
12404.6 613.068
12411.6 612.808
12418.6 612.541
12425.5 612.273
12432.1 612.002
12438.8 611.741
12445.2 611.474
12451.4 611.216
12457.4 610.962
12463.4 610.712
12469.6 610.458
12475.9 610.199
12482.2 609.931
12488.5 609.666
12494.7 609.408
12500.8 609.146
12505.7 608.895
12510.5 608.642
12514.9 608.387
12518.7 608.134
12522.2 607.869
12525.5 607.617
12528.7 607.359
12531.8 607.101
12536.5 606.85
12543.1 606.6
12549.6 606.354
12556.2 606.107
12562.7 605.861
12569.2 605.611
12575.4 605.356
12581.8 605.099
12588.3 604.842
12595 604.589
12601.6 604.333
12608.1 604.076
12614.3 603.821
12621.2 603.571
12628.3 603.324
12635.3 603.074
12641.9 602.819
12646.5 602.561
12651.7 602.306
12657 602.061
12662.5 601.811
12668 601.552
12673.5 601.305
12679.1 601.051
12684.6 600.798
12690.2 600.548
12697.1 600.301
12703.8 600.057
12708.4 599.813
12713 599.57
12717.4 599.32
12721.5 599.068
12724.1 598.818
12728.8 598.57
12733.3 598.321
12737.8 598.069
12742.8 597.82
12747.6 597.57
12752.3 597.317
12756.5 597.074
12760.2 596.831
12764 596.585
12767.7 596.349
12771.7 596.107
12775.3 595.866
12778.5 595.616
12782.2 595.369
12785.6 595.136
12788.8 594.894
12792.3 594.656
12795.8 594.416
12799.4 594.169
12802.9 593.924
12806.5 593.691
12810.5 593.458
12814.5 593.214
12818.5 592.97
12822.4 592.725
12826.2 592.483
12829.9 592.244
12834.9 592.001
12840.7 591.756
12846.4 591.518
12852 591.28
12858 591.034
12864.2 590.794
12871.1 590.557
12877.9 590.317
12884.7 590.079
12891.6 589.845
12898.4 589.612
12905.1 589.368
12911.4 589.13
12918.2 588.89
12922 588.649
12924.6 588.409
12928.5 588.172
12932.4 587.947
12936.1 587.717
12939.9 587.465
12943.7 587.224
12947.5 586.978
12951.4 586.738
12955.3 586.502
12959.3 586.262
12964.7 586.023
12971.3 585.781
12978 585.544
12984.4 585.312
12990.9 585.077
12997.5 584.84
13004.3 584.613
13010.9 584.379
13017.7 584.146
13023.8 583.909
13029.6 583.683
13035.6 583.456
13040.5 583.229
13045.1 582.99
13049.8 582.753
13054.2 582.52
13058.8 582.291
13063.1 582.056
13067.3 581.811
13071.2 581.58
13074.8 581.347
13078.1 581.102
13081.3 580.868
13084.5 580.634
13087.6 580.395
13091.3 580.163
13097.6 579.927
13103.8 579.696
13109.6 579.461
13115.5 579.226
13121.3 578.985
13126.5 578.746
13130.9 578.521
13135 578.293
13138.9 578.06
13142.8 577.823
13148.3 577.592
13154 577.354
13159.5 577.122
13165 576.896
13170 576.668
13173.9 576.437
13177.5 576.215
13181.1 575.991
13184.8 575.771
13188.5 575.547
13192.2 575.321
13195.5 575.096
13202.3 574.856
13209.2 574.621
13216 574.393
13223 574.161
13229.4 573.924
13236.2 573.694
13243 573.46
13249.8 573.231
13256.6 573.002
13263.3 572.771
13269.3 572.542
13275.1 572.315
13282.1 572.094
13289.4 571.867
13297.6 571.638
13305.7 571.419
13313.7 571.192
13321.9 570.968
13329.5 570.737
13336.9 570.509
13344.3 570.282
13352.3 570.059
13359.5 569.835
13367.1 569.612
13374.3 569.383
13381.7 569.163
13388.9 568.941
13396.1 568.718
13403.5 568.497
13410.8 568.28
13418.3 568.067
13425.6 567.847
13432.2 567.634
13436.4 567.412
13440.6 567.193
13444.6 566.975
13448.9 566.756
13452.6 566.529
13456.8 566.311
13460.9 566.093
13465 565.877
13468.9 565.657
13472.8 565.435
13476.6 565.215
13480.4 564.998
13483.8 564.77
13487.2 564.543
13491 564.315
13494.9 564.095
13498.3 563.877
13501.7 563.653
13505.6 563.431
13509.5 563.216
13513.4 562.998
13517.4 562.786
13521.3 562.57
13525.2 562.349
13529 562.134
13533 561.919
13536.4 561.712
13539.8 561.505
13543.6 561.291
13547.3 561.075
13550.9 560.859
13554.7 560.644
13558.7 560.427
13562.4 560.209
13566.4 559.992
13570.4 559.783
13574.5 559.568
13578.6 559.355
13582.7 559.149
13588.9 558.934
13595 558.722
13601.2 558.514
13607.8 558.295
13613.4 558.08
13618.9 557.859
13623.4 557.638
13626.9 557.421
13630.4 557.206
13633.9 556.998
13637.4 556.791
13641.1 556.587
13644.9 556.376
13648.6 556.16
13654 555.945
13659.7 555.729
13665.3 555.518
13670.8 555.307
13676.5 555.091
13681.8 554.881
13687.4 554.669
13693.2 554.457
13699 554.25
13704.8 554.043
13710.5 553.828
13716.1 553.619
13721.6 553.409
13727 553.213
13732.6 553.006
13738.2 552.792
13743.6 552.578
13749.4 552.362
13754.9 552.16
13760.2 551.949
13765.4 551.737
13770.7 551.532
13776.5 551.325
13781.8 551.118
13787.5 550.91
13793 550.699
13798.3 550.49
13803.5 550.289
13808.8 550.089
13814 549.894
13819.3 549.69
13824.6 549.489
13829.9 549.284
13835.6 549.075
13839.3 548.862
13843 548.657
13846.7 548.45
13850.5 548.241
13854.2 548.035
13857.9 547.835
13861.7 547.637
13865.6 547.428
13870.5 547.211
13876.6 547.003
13883.4 546.797
13887.6 546.597
13892 546.399
13896.1 546.201
13900.4 546.001
13904.6 545.793
13908.9 545.589
13913.3 545.389
13917.6 545.18
13921.8 544.977
13926.2 544.775
13932.8 544.577
13938.3 544.376
13942.8 544.176
13947.3 543.979
13951.1 543.779
13955.5 543.573
13959.7 543.366
13963.8 543.158
13968.1 542.954
13972.4 542.756
13976.6 542.556
13980.7 542.35
13985 542.146
13989.1 541.946
13993.3 541.751
13997.6 541.55
14002 541.349
14006.2 541.156
14010.5 540.951
14014.5 540.752
14018.7 540.54
14023.2 540.336
14027.6 540.13
14031.7 539.925
14036 539.726
14040.2 539.522
14044.3 539.324
14048.4 539.12
14052.7 538.923
14056.9 538.725
14060.2 538.533
14063.3 538.337
14066.3 538.142
14069.3 537.951
14072.3 537.759
14075.3 537.567
14078.3 537.379
14081.4 537.189
14084.4 536.994
14087.4 536.799
14090.3 536.592
14093.3 536.391
14096.3 536.197
14099.4 535.995
14102.6 535.802
14105.8 535.606
14109.1 535.41
14112.3 535.22
14115.5 535.027
14118.9 534.835
14122.2 534.644
14125.2 534.456
14128.2 534.26
14131.2 534.067
14134.2 533.871
14137.3 533.675
14140.6 533.481
14143.8 533.287
14147.2 533.105
14150.5 532.911
14153.8 532.717
14157.1 532.528
14160.3 532.338
14163.4 532.144
14166.5 531.95
14169.6 531.751
14172.8 531.559
14176 531.37
14179.2 531.183
14182.2 530.993
14185.2 530.805
14188.2 530.621
14191.2 530.432
14194.2 530.242
14197.2 530.05
14200.2 529.863
14203.2 529.677
14206.9 529.49
14210.8 529.301
14214.8 529.119
14218.7 528.933
14222.6 528.751
14226.6 528.565
14230.5 528.376
14234.1 528.191
14240 528
14245.2 527.806
14251.2 527.615
14257.3 527.425
14263.5 527.236
14269.7 527.055
14275.9 526.874
14281.9 526.691
14287.7 526.512
14295.7 526.326
14302 526.136
14309 525.95
14314.8 525.764
14321.5 525.581
14329.6 525.396
14336 525.211
14342 525.028
14348.5 524.85
14354.8 524.662
14361.2 524.478
14367.4 524.292
14373.8 524.113
14380.1 523.928
14387.2 523.747
14393.6 523.566
14399.8 523.382
14406.1 523.191
14412.1 523.01
14418.1 522.831
14424.5 522.649
14430.3 522.465
14436.6 522.283
14442.3 522.106
14448.3 521.925
14454.7 521.74
14461.1 521.557
14469 521.372
14477 521.191
14485.3 521.007
14493.4 520.822
14501.3 520.633
14509.5 520.452
14517.5 520.275
14525.5 520.099
14533.5 519.925
14541.2 519.753
14549 519.578
14556.9 519.402
14562.6 519.226
14567.9 519.05
14573.6 518.873
14579.2 518.699
14584.9 518.519
14591.2 518.336
14596.9 518.157
14602.2 517.973
14607.9 517.789
14614.5 517.608
14620.2 517.424
14625.8 517.243
14631.3 517.062
14637.4 516.878
14643.2 516.697
14649.4 516.514
14655.1 516.327
14660.7 516.141
14666.4 515.963
14672.2 515.781
14677.9 515.594
14683.5 515.414
14689.1 515.231
14694.9 515.051
14700.6 514.872
14706.2 514.687
14711.8 514.507
14717.4 514.328
14723 514.149
14728.6 513.974
14734.2 513.797
14739.9 513.625
14746 513.449
14751.9 513.275
14757.3 513.108
14763.3 512.938
14769.4 512.761
14774.8 512.59
14780.4 512.42
14785.8 512.249
14792.1 512.07
14798.6 511.898
14805 511.72
14811.5 511.538
14818 511.354
14824.3 511.173
14830.8 510.995
14837.2 510.823
14843.7 510.649
14850.1 510.477
14856.5 510.306
14863 510.133
14869.5 509.962
14875.9 509.797
14882.3 509.628
14888.8 509.462
14895.3 509.292
14901.7 509.12
14908.1 508.948
14914.3 508.771
14920.6 508.591
14927.1 508.414
14933.5 508.241
14939.9 508.072
14946.4 507.902
14952.9 507.73
14959.3 507.559
14965.8 507.387
14972.1 507.214
14978.6 507.04
14985.1 506.865
14991.5 506.692
14998 506.517
15004.3 506.348
15010.8 506.175
15017.3 506.01
15023.7 505.836
15030.1 505.666
15036.5 505.489
15043 505.324
15049.5 505.154
15055.9 504.983
15062.3 504.817
15068.8 504.644
15075.2 504.478
15081.7 504.309
15088.1 504.14
15094.6 503.976
15101.1 503.813
15107.5 503.653
15114 503.48
15120.6 503.306
15127 503.132
15133.5 502.961
15140 502.786
15146.3 502.613
15152.8 502.443
15159.2 502.274
15165.7 502.099
15172.2 501.925
15178.4 501.749
15184.7 501.573
15190.7 501.4
15197.2 501.234
15203.8 501.066
15209.9 500.9
15215.9 500.734
15222 500.564
15229.9 500.388
15238.3 500.213
15243.3 500.045
15247.6 499.879
15251.9 499.714
15256.2 499.551
15264.3 499.39
15270.1 499.228
15275.8 499.066
15281.2 498.907
15285.9 498.743
15290.8 498.575
15297.2 498.41
15301.2 498.246
15307.4 498.079
15311.4 497.913
15317.2 497.742
15323 497.575
15328 497.411
15333.4 497.249
15339.1 497.087
15344.8 496.919
15350.7 496.755
15356.6 496.586
15361.8 496.427
15367.6 496.268
15373.9 496.104
15381 495.939
15388.4 495.767
15396.2 495.593
15403.8 495.421
15411.4 495.253
15418.9 495.092
15426.3 494.928
15433.1 494.77
15440 494.611
15446.7 494.448
15453.5 494.286
15460.2 494.121
15466.8 493.959
15473.3 493.803
15479.9 493.649
15486.6 493.49
15493.2 493.33
15499.8 493.17
15506.3 493.014
15513.1 492.852
15519.8 492.689
15526.4 492.527
15532.7 492.361
15539.4 492.195
15546.1 492.032
15552.6 491.869
15558.9 491.708
15565.5 491.551
15572 491.392
15578.6 491.236
15585.4 491.08
15591.9 490.925
15598.4 490.767
15605 490.608
15611.5 490.448
15618 490.291
15624.6 490.133
15631.2 489.973
15638.3 489.815
15644.3 489.656
15650.7 489.499
15657.2 489.34
15663.6 489.185
15669.9 489.029
15676.4 488.873
15682.9 488.713
15689.4 488.556
15696.7 488.401
15702.7 488.242
15709.3 488.09
15715.8 487.942
15722.5 487.794
15729 487.634
15735 487.478
15741.4 487.324
15747.7 487.169
15754 487.015
15759.9 486.865
15765.5 486.713
15771.3 486.558
15777.3 486.4
15782.9 486.244
15788.8 486.091
15794.9 485.937
15801 485.786
15806.3 485.627
15812.1 485.472
15817.5 485.322
15822.9 485.171
15828.5 485.013
15833.8 484.859
15839.2 484.699
15844.5 484.537
15850.2 484.382
15856.1 484.227
15862.2 484.065
15867.5 483.906
15872.6 483.747
15877.8 483.593
15883 483.442
15888.2 483.282
15893.4 483.129
15898.2 482.973
15903.6 482.814
15908.9 482.658
15914.3 482.505
15919.7 482.354
15925.8 482.197
15931.8 482.039
15938.2 481.884
15944.8 481.735
15951.3 481.584
15958 481.432
15964.1 481.288
15970.6 481.144
15977.2 480.998
15983.8 480.848
15990.2 480.695
15996 480.551
16002.4 480.402
16008.6 480.251
16015.2 480.102
16021.8 479.949
16028 479.793
16034.5 479.642
16041 479.488
16047.4 479.332
16054 479.178
16060.3 479.031
16066.9 478.883
16073.5 478.729
16081.2 478.578
16088.6 478.425
16096 478.274
16103.5 478.122
16111 477.966
16118.7 477.812
16126.2 477.663
16133.8 477.513
16141.6 477.365
16149.1 477.214
16156.9 477.067
16164.5 476.921
16172 476.772
16179.6 476.62
16187.2 476.47
16194.8 476.32
16202.4 476.163
16210.1 476.011
16217.9 475.862
16225.6 475.716
16233.3 475.567
16240.8 475.415
16248.4 475.262
16255.3 475.116
16262.2 474.968
16268.9 474.821
16275.7 474.672
16282.3 474.518
16289.2 474.366
16295.7 474.211
16301.7 474.063
16307.3 473.916
16311.6 473.772
16315.4 473.629
16318.3 473.486
16321.5 473.339
16325.4 473.195
16330.7 473.048
16336.2 472.898
16341.8 472.75
16347.4 472.607
16353 472.463
16357.9 472.316
16363.2 472.166
16367.9 472.019
16373.1 471.872
16377.7 471.728
16382.8 471.582
16388 471.434
16393 471.285
16398.4 471.14
16403.5 470.989
16408.3 470.841
16413.3 470.691
16418.1 470.543
16423.1 470.396
16427.9 470.253
16432.8 470.109
16438 469.964
16443 469.817
16447.9 469.667
16452.7 469.522
16457.6 469.374
16462.5 469.232
16467.4 469.091
16472.9 468.949
16478.3 468.808
16483.3 468.669
16488.1 468.526
16493.3 468.383
16498.1 468.238
16502.9 468.087
16507.8 467.945
16513.1 467.806
16518.2 467.67
16523.5 467.532
16528.4 467.392
16533.3 467.252
16538.2 467.11
16543.6 466.966
16550.6 466.826
16557.7 466.685
16564.6 466.541
16571.6 466.396
16578.6 466.248
16585.5 466.104
16592.4 465.963
16599.3 465.823
16606.2 465.685
16613.1 465.544
16620 465.404
16626.7 465.261
16631 465.114
16635.3 464.973
16639.8 464.831
16644.2 464.689
16648.7 464.549
16653.4 464.412
16658.2 464.28
16662.6 464.144
16666.9 464.004
16671.6 463.865
16676.1 463.729
16680.6 463.59
16685.6 463.452
16690.3 463.31
16695.3 463.175
16699.8 463.034
16705.1 462.902
16712.5 462.761
16719.8 462.621
16727.2 462.48
16734.6 462.336
16741.7 462.195
16749 462.053
16756.1 461.911
16763.1 461.771
16770.4 461.629
16777.5 461.49
16784.5 461.352
16792 461.214
16799.2 461.074
16806.8 460.935
16812.6 460.792
16817.6 460.653
16823.4 460.517
16829.2 460.38
16835.1 460.24
16840.7 460.102
16846 459.963
16852 459.824
16859.7 459.689
16867.3 459.55
16872.8 459.407
16877 459.273
16881 459.148
16884.5 459.009
16888.3 458.874
16892 458.736
16895.8 458.603
16899.6 458.469
16903.3 458.336
16907.1 458.205
16910.9 458.07
16914.7 457.934
16918.4 457.798
16922.5 457.666
16927 457.534
16931.6 457.401
16936.2 457.267
16940.2 457.135
16946.6 457.004
16952.4 456.868
16958.4 456.733
16964.5 456.604
16970.5 456.473
16976.6 456.336
16982.7 456.201
16988.7 456.067
16994.7 455.928
17000.8 455.795
17006.5 455.658
17012.4 455.525
17018.2 455.393
17024.2 455.26
17029.9 455.127
17036 454.993
17042 454.861
17047.9 454.721
17053.7 454.587
17059.6 454.451
17066.7 454.316
17074.2 454.181
17081.6 454.051
17089.2 453.921
17096.8 453.788
17104.2 453.661
17111.7 453.535
17119.3 453.405
17127.4 453.274
17135.7 453.141
17143.9 453.008
17152.1 452.881
17160.3 452.753
17167.9 452.627
17175.3 452.5
17183.1 452.373
17191.2 452.251
17197.3 452.126
17203.8 451.999
17210.2 451.87
17216.7 451.744
17223.3 451.619
17229.8 451.492
17236.4 451.366
17242.7 451.235
17249.2 451.105
17255.7 450.977
17262.3 450.848
17268.8 450.725
17275.2 450.596
17281.8 450.469
17288.1 450.34
17294.1 450.21
17300.6 450.08
17307 449.949
17313.5 449.818
17319.3 449.689
17325.1 449.559
17330.6 449.43
17336.3 449.297
17342.5 449.167
17348.1 449.039
17353.5 448.911
17358.8 448.78
17365.2 448.648
17371.7 448.515
17378.3 448.385
17385 448.26
17390.8 448.136
17396.7 448.008
17402.2 447.877
17407.9 447.748
17414.2 447.619
17420.2 447.489
17426 447.363
17431.8 447.239
17437.5 447.116
17442.4 446.988
17448.1 446.857
17453.7 446.726
17460.1 446.602
17466.6 446.474
17473.2 446.34
17479.8 446.21
17486.5 446.083
17493.3 445.957
17500 445.832
17506.6 445.708
17513.2 445.579
17519.7 445.454
17525.8 445.332
17531.6 445.205
17538.5 445.08
17545.4 444.958
17552.3 444.831
17559.3 444.708
17566.2 444.584
17573.1 444.46
17579.4 444.334
17586.4 444.211
17593.3 444.086
17600.2 443.961
17607.2 443.842
17614.1 443.718
17621.1 443.593
17627.2 443.466
17633.3 443.342
17639.7 443.216
17646.1 443.09
17651.8 442.963
17657.3 442.84
17663.3 442.72
17669.3 442.603
17674.5 442.48
17678.3 442.357
17682.6 442.234
17688.6 442.111
17695.8 441.991
17700.3 441.87
17703.4 441.746
17706.8 441.624
17710.6 441.499
17714.7 441.376
17718.6 441.25
17721.4 441.122
17724.8 441.002
17729.9 440.879
17736.6 440.758
17743.8 440.633
17750.3 440.511
17756.8 440.394
17761.7 440.274
17766.8 440.154
17772.2 440.031
17777.4 439.914
17783.5 439.797
17789.1 439.674
17792.7 439.554
17798.4 439.44
17801.8 439.322
17805.3 439.2
17808.9 439.082
17812.7 438.962
17817 438.847
17823.4 438.727
17830.5 438.606
17836.8 438.487
17843.4 438.369
17849.4 438.253
17856 438.136
17862.9 438.02
17868.3 437.901
17874 437.782
17879.9 437.661
17886.1 437.539
17892.5 437.412
17898.5 437.288
17904.2 437.163
17910.1 437.04
17915.9 436.923
17921.7 436.801
17927.5 436.682
17933.3 436.557
17939.2 436.433
17944.7 436.307
17950.5 436.184
17956.5 436.063
17962.9 435.944
17969.2 435.827
17975.1 435.708
17980.6 435.592
17986.7 435.472
17992.9 435.357
17998.8 435.236
18004.2 435.116
18009.7 435.001
18015.1 434.884
18020.8 434.769
18026.5 434.651
18032.3 434.532
18038 434.416
18043.9 434.297
18049.8 434.178
18055.3 434.061
18060.9 433.946
18066.7 433.832
18072.5 433.715
18078.2 433.598
18084.1 433.484
18090.4 433.369
18097 433.251
18103.6 433.135
18110.3 433.021
18116.1 432.905
18122.1 432.784
18127.6 432.665
18133.1 432.547
18138.6 432.426
18144.4 432.313
18149.9 432.198
18155.3 432.082
18160.7 431.966
18165.9 431.853
18171.3 431.738
18177.2 431.625
18183.2 431.505
18188.8 431.391
18195.1 431.279
18201.3 431.163
18207 431.049
18212.8 430.932
18218.9 430.815
18224.5 430.697
18230.6 430.583
18236.5 430.464
18242 430.345
18247.4 430.227
18253.6 430.105
18259.4 429.987
18265.6 429.872
18272.1 429.756
18277.7 429.642
18283 429.526
18288.4 429.414
18294.1 429.299
18299.5 429.182
18305.2 429.068
18310.9 428.955
18316.4 428.844
18322 428.731
18327.8 428.615
18333.5 428.499
18338.7 428.385
18344.4 428.276
18350.9 428.162
18357.6 428.048
18364.2 427.936
18370.8 427.821
18377.6 427.707
18384.5 427.593
18391 427.479
18397.5 427.364
18404.1 427.253
18410.7 427.141
18417.5 427.029
18424 426.917
18430.7 426.807
18437.2 426.694
18443.7 426.579
18450.3 426.465
18457.1 426.353
18463.6 426.242
18470.1 426.129
18476.7 426.014
18483.5 425.9
18490 425.785
18497.7 425.671
18505.4 425.559
18513.4 425.448
18521.1 425.338
18527.8 425.226
18534.3 425.114
18540.8 425
18547.4 424.885
18553.9 424.77
18560.6 424.657
18567.1 424.544
18573.9 424.438
18580.4 424.327
18587.1 424.216
18593.6 424.103
18600.1 423.989
18606.9 423.877
18613.5 423.765
18620 423.652
18626.5 423.542
18633 423.431
18639.6 423.319
18646.1 423.204
18652.7 423.09
18659.2 422.979
18665.8 422.866
18672.3 422.755
18678.9 422.643
18685.4 422.529
18693 422.412
18700.8 422.294
18708.6 422.179
18716.3 422.065
18723.1 421.953
18729.6 421.838
18737.1 421.727
18744.7 421.618
18752.8 421.504
18760.6 421.39
18768.7 421.277
18776.7 421.167
18784.9 421.057
18792.8 420.945
18800.7 420.835
18808.8 420.725
18816.9 420.614
18825.3 420.5
18833.2 420.391
18841.6 420.281
18849.6 420.169
18857.8 420.058
18865.4 419.95
18873.2 419.839
18881.2 419.727
18888.9 419.62
18896.6 419.508
18904.4 419.4
18912.2 419.29
18920.1 419.182
18928.1 419.071
18935.9 418.96
18942.3 418.852
18948.4 418.745
18954.4 418.641
18960.4 418.535
18966.4 418.429
18972.4 418.318
18978.4 418.212
18984.7 418.103
18991 417.997
18997.4 417.887
19003.9 417.78
19010.3 417.671
19016.7 417.569
19022.9 417.464
19028.9 417.356
19034.9 417.243
19040.9 417.135
19046.6 417.028
19052.5 416.924
19059.1 416.817
19065.9 416.709
19072.8 416.601
19079.6 416.497
19086.3 416.394
19093.2 416.289
19100 416.18
19106.8 416.07
19113.7 415.961
19120.3 415.855
19127.1 415.747
19134 415.641
19141 415.534
19147.9 415.424
19154.6 415.314
19161.4 415.205
19168.2 415.094
19175.1 414.985
19181.9 414.875
19188.4 414.769
19194 414.664
19199.6 414.559
19205.5 414.453
19211.2 414.344
19217.2 414.238
19223.1 414.13
19230.5 414.024
19237.9 413.919
19245.6 413.818
19253.2 413.714
19261.3 413.61
19269.1 413.506
19277 413.401
19285 413.29
19292.8 413.185
19298.7 413.082
19304.5 412.979
19309.8 412.872
19315.5 412.764
19321.5 412.657
19328.8 412.556
19336.3 412.45
19343.7 412.343
19351.1 412.236
19358.5 412.129
19366 412.022
